100
-1 92 243 362 466 270 534 570 513 573 181 60 310 396 471 289 543 260 544 258 502 438 295 673 321 435 425 378 449 327 262 512 560 319 481 67 281 321 330 565 427 443 480 529 203 326 259 383 612 769 314 431 263 82 425 459 583 471 203 266 413 475 263 156 485 504 377 94 482 150 298 377 88 343 468 425 328 345 503 371 153 208 316 217 302 269 180 357 468 376 418 316 31 394 306 370 148 414 514 289 
92 -1 165 271 383 180 468 529 519 485 90 126 357 312 411 280 473 352 463 205 428 424 223 580 229 343 344 286 362 332 257 460 530 262 388 146 346 285 237 480 357 413 390 439 229 411 180 295 533 677 394 385 220 119 348 380 491 381 198 334 417 407 292 197 428 419 370 149 478 66 388 341 97 435 404 513 260 333 437 279 244 124 334 273 299 223 88 389 418 309 340 280 113 370 256 386 190 348 426 224 
243 165 -1 145 223 76 305 601 456 334 136 244 384 155 456 414 485 479 301 89 431 540 60 458 127 239 182 188 212 290 215 309 620 117 274 307 511 385 158 323 193 297 252 299 387 570 217 259 369 542 556 460 322 284 351 216 406 314 183 405 359 432 449 360 273 262 498 245 401 99 539 223 183 578 244 668 306 458 465 215 373 44 484 438 250 114 97 386 272 348 176 175 249 478 340 355 251 187 276 285 
362 271 145 -1 144 91 288 556 568 218 196 377 527 85 399 445 398 614 225 217 341 542 146 315 48 97 124 58 103 421 352 337 590 207 128 417 601 388 73 224 191 380 119 168 455 681 210 167 295 407 662 428 336 379 272 163 264 186 327 550 479 360 511 443 297 165 516 383 508 212 659 315 320 705 253 784 274 477 392 110 506 160 531 525 382 239 182 525 318 301 140 288 376 476 334 487 395 207 161 273 
466 383 223 144 -1 213 159 692 527 122 325 466 556 71 533 588 517 699 82 248 461 686 181 285 190 182 43 186 51 421 371 233 730 202 170 529 726 532 217 99 105 322 102 117 588 793 354 298 154 341 778 569 479 500 402 38 311 282 369 603 457 489 647 571 197 43 660 463 464 318 763 278 404 801 150 891 417 620 519 242 594 259 671 652 387 259 300 535 232 440 62 280 473 620 478 483 459 134 73 417 
270 180 76 91 213 -1 330 538 531 305 112 287 455 142 388 381 411 523 296 165 356 494 114 405 56 174 179 118 185 367 291 355 562 181 214 326 515 338 83 305 220 363 210 259 375 590 160 182 367 498 573 400 278 291 277 219 337 240 255 468 435 360 434 358 316 244 459 295 475 121 568 292 231 614 279 693 243 419 393 139 415 72 460 440 327 189 92 461 325 281 184 249 285 429 287 432 312 224 248 229 
534 468 305 288 159 330 -1 845 429 227 435 516 531 203 687 711 676 730 125 279 619 823 245 404 328 342 164 340 211 379 357 98 879 216 328 601 812 667 361 178 112 227 258 258 692 856 488 452 136 423 847 717 609 587 558 127 463 442 380 601 384 645 754 664 81 176 790 503 366 403 816 221 455 843 68 945 561 750 676 396 635 349 786 741 354 274 399 491 125 590 150 258 532 758 615 428 481 120 211 555 
570 529 601 556 692 538 845 -1 1042 706 479 630 879 642 159 304 214 764 763 686 254 188 652 654 521 516 680 506 642 858 780 889 69 717 550 554 535 249 485 740 746 899 613 644 418 673 384 393 825 765 638 144 309 497 291 718 496 434 724 833 940 208 402 465 849 696 247 661 994 550 704 825 624 774 807 771 295 254 185 449 688 566 354 495 822 711 520 918 862 257 696 774 602 189 273 915 712 757 673 318 
513 519 456 568 527 531 429 1042 -1 638 563 457 263 511 907 796 941 542 542 366 887 942 425 812 573 661 497 625 562 187 263 332 1049 361 676 566 758 803 609 595 422 207 621 645 717 729 662 713 565 849 738 898 738 596 807 490 823 755 321 365 102 887 776 668 351 565 885 424 64 491 668 254 433 658 389 777 753 850 920 665 500 482 829 713 220 342 523 192 307 798 472 282 488 890 769 147 370 393 600 725 
573 485 334 218 122 305 227 706 638 -1 414 579 679 180 548 653 509 814 102 370 458 732 299 177 266 196 164 232 123 543 493 321 753 324 156 631 819 585 278 50 221 431 105 62 672 896 417 325 131 219 878 600 541 596 417 153 253 272 490 724 573 498 727 661 292 79 716 579 574 422 871 395 517 913 250 998 461 678 523 280 708 365 743 743 509 381 397 657 333 472 184 402 583 666 530 603 578 250 58 471 
181 90 136 196 325 112 435 479 563 414 -1 216 432 254 346 277 395 441 408 211 347 404 196 496 150 257 291 201 296 382 303 445 491 253 304 226 404 251 151 417 322 426 315 364 263 486 102 205 479 597 466 335 186 183 266 330 401 290 251 420 461 333 322 247 409 356 361 235 515 73 469 352 176 521 378 592 191 321 365 189 334 93 351 329 344 234 42 456 409 238 293 297 204 343 209 442 270 321 357 161 
60 126 244 377 466 287 516 630 457 579 216 -1 250 399 527 349 595 236 540 237 552 499 287 692 341 459 423 402 456 273 214 484 621 299 502 110 318 381 356 566 414 402 493 541 260 340 305 421 605 783 333 490 322 142 473 454 614 505 159 211 358 528 318 211 459 506 437 33 429 166 301 340 62 335 448 430 380 406 557 402 129 217 373 261 252 243 203 297 438 429 413 281 31 455 364 312 88 397 520 342 
310 357 384 527 556 455 531 879 263 679 432 250 -1 508 768 598 827 279 606 315 779 748 390 830 510 623 515 572 569 154 185 458 871 354 655 344 511 630 537 649 466 328 622 661 501 468 533 626 656 898 479 738 570 390 698 529 790 695 200 102 195 763 553 449 453 600 684 217 267 362 406 310 259 395 468 514 616 654 794 592 248 385 611 477 177 299 402 70 414 665 494 281 279 705 610 130 167 439 626 581 
396 312 155 85 71 142 203 642 511 180 254 399 508 -1 484 520 480 634 153 194 423 624 121 321 126 156 39 139 61 384 325 255 675 160 164 458 655 468 158 168 109 313 114 152 517 722 289 251 225 393 707 513 413 428 357 80 311 256 314 547 430 444 576 499 215 107 594 398 449 247 694 256 337 734 169 822 358 555 476 194 528 188 602 580 347 209 228 495 240 386 55 243 404 557 415 448 398 129 122 354 
471 411 456 399 533 388 687 159 907 548 346 527 768 484 -1 264 102 698 604 544 111 232 502 508 366 357 522 347 482 728 649 734 206 569 392 472 515 175 329 581 590 752 454 486 368 647 245 234 666 622 615 83 212 411 131 560 352 277 597 737 806 55 377 404 694 536 258 555 856 419 665 679 509 732 651 753 155 240 51 291 608 425 348 457 690 569 385 799 709 109 539 632 502 184 166 788 601 602 514 188 
289 280 414 445 588 381 711 304 796 653 277 349 598 520 264 -1 364 460 670 479 350 149 474 680 397 463 558 420 548 608 535 723 279 528 511 257 250 94 376 668 599 692 548 594 114 384 236 345 741 794 351 191 112 208 306 599 542 434 475 540 693 299 112 162 687 610 90 383 758 328 407 618 362 476 655 489 209 56 313 377 388 369 95 196 577 499 317 646 685 229 565 559 319 115 136 656 437 599 602 186 
543 473 485 398 517 411 676 214 941 509 395 595 827 480 102 364 -1 783 579 575 56 330 522 440 376 334 514 341 465 770 691 735 277 589 358 553 614 271 338 548 589 771 426 450 462 744 294 233 635 551 712 185 297 492 133 549 284 239 644 806 844 69 476 494 695 512 359 621 886 467 758 701 568 824 650 851 214 341 51 288 688 461 449 553 731 599 429 851 716 166 535 660 573 286 251 832 662 606 485 253 
260 352 479 614 699 523 730 764 542 814 441 236 279 634 698 460 783 -1 769 458 748 596 518 928 577 693 655 636 692 402 383 680 736 517 737 231 278 528 588 799 636 570 730 777 346 196 515 642 832 1020 214 641 487 291 676 683 843 732 349 177 467 714 373 299 663 740 529 235 541 401 131 527 296 119 662 237 572 512 738 631 108 454 431 279 403 457 436 349 633 617 643 476 239 575 533 403 248 616 756 532 
544 463 301 225 82 296 125 763 542 102 408 540 606 153 604 670 579 769 -1 312 524 766 252 278 273 247 119 262 124 462 422 220 804 257 221 608 808 612 297 53 140 335 152 138 671 871 436 371 71 306 857 645 561 581 472 85 345 340 429 662 484 557 730 653 192 67 741 534 478 398 839 309 477 875 154 968 495 702 586 317 666 339 754 734 431 317 382 577 235 516 126 325 549 699 558 519 525 168 95 497 
258 205 89 217 248 165 279 686 366 370 211 237 315 194 544 479 575 458 312 -1 520 613 74 514 211 314 205 268 255 204 135 256 702 62 342 325 539 462 245 346 178 215 306 347 434 577 302 348 373 586 568 544 397 319 441 227 482 398 120 354 270 521 498 399 226 291 566 225 312 150 538 141 176 567 211 667 392 527 554 301 358 120 539 471 165 24 168 308 213 435 188 87 253 553 420 270 212 160 314 368 
502 428 431 341 461 356 619 254 887 458 347 552 779 423 111 350 56 748 524 520 -1 341 466 401 319 279 458 284 409 717 639 678 310 533 305 517 596 256 282 495 532 715 372 397 440 722 247 176 582 514 692 191 269 457 81 492 243 185 593 762 790 57 461 468 638 457 360 577 831 418 732 645 522 797 593 831 176 337 69 231 650 408 441 532 678 545 379 800 659 132 478 605 532 289 226 780 616 549 431 216 
438 424 540 542 686 494 823 188 942 732 404 499 748 624 232 149 330 596 766 613 341 -1 598 725 497 535 663 505 642 755 680 847 142 657 579 406 350 156 469 755 714 828 629 670 254 488 335 407 835 840 453 151 218 358 332 704 572 480 621 688 840 284 224 306 810 702 67 533 903 464 524 754 510 594 774 584 271 93 282 453 533 498 170 319 723 635 446 796 813 262 674 697 468 66 208 805 587 718 687 269 
295 223 60 146 181 114 245 652 425 299 196 287 390 121 502 474 522 518 252 74 466 598 -1 440 148 242 137 200 182 275 209 249 673 67 268 360 568 443 185 280 134 250 232 273 447 621 270 290 318 514 609 512 380 342 389 166 409 330 193 426 334 474 509 419 213 223 557 282 367 158 587 179 225 622 183 716 356 518 506 239 414 105 544 496 236 93 157 381 214 395 125 143 297 535 395 341 278 126 243 339 
673 580 458 315 285 405 404 654 812 177 496 692 830 321 508 680 440 928 278 514 401 725 440 -1 352 238 321 295 261 703 646 498 712 480 191 723 884 597 345 225 390 605 208 170 727 981 461 336 291 114 958 578 570 677 392 321 157 247 633 862 742 453 773 729 468 246 725 699 747 526 966 564 635 1016 425 1087 472 691 470 316 820 475 776 809 667 530 493 816 509 465 345 561 689 663 545 766 709 419 212 495 
321 229 127 48 190 56 328 521 573 266 150 341 510 126 366 397 376 577 273 211 319 497 148 352 -1 118 166 62 152 415 342 367 551 214 160 374 553 342 37 273 224 395 164 214 406 636 163 143 343 448 616 389 288 333 245 206 281 187 309 524 480 332 462 395 328 213 469 351 515 175 616 326 287 664 286 740 233 430 364 91 468 128 483 477 375 234 141 514 343 263 178 290 337 431 289 481 368 236 210 228 
435 343 239 97 182 174 342 516 661 196 257 459 623 156 357 463 334 693 247 314 279 535 242 238 118 -1 185 57 131 518 449 408 560 301 49 484 649 389 106 224 264 468 96 135 494 742 231 129 309 342 720 404 350 438 225 216 167 101 422 641 575 310 545 492 369 179 521 469 600 292 727 407 405 778 322 848 265 484 339 85 585 246 555 574 479 335 256 622 396 276 208 383 453 469 335 583 486 286 156 277 
425 344 182 124 43 179 164 680 497 164 291 423 515 39 522 558 514 655 119 205 458 663 137 321 166 185 -1 175 64 383 329 222 714 160 184 488 688 508 197 143 80 294 123 151 554 752 328 288 189 383 737 552 452 462 394 41 330 286 326 559 422 481 613 534 183 86 634 420 434 278 721 244 361 758 137 849 398 594 512 231 551 219 640 614 347 216 262 496 213 425 25 241 431 597 455 445 415 105 111 394 
378 286 188 58 186 118 340 506 625 232 201 402 572 139 347 420 341 636 262 268 284 505 200 295 62 57 175 -1 138 473 401 394 543 263 103 427 597 354 50 250 248 438 127 174 444 687 185 112 330 396 666 383 308 383 218 213 219 130 371 586 534 305 497 439 354 197 484 412 565 235 671 373 348 721 309 793 234 446 336 56 528 191 511 521 433 291 199 574 376 254 194 343 396 438 299 538 431 265 183 239 
449 362 212 103 51 185 211 642 562 123 296 456 569 61 482 548 465 692 124 255 409 642 182 261 152 131 64 138 -1 442 385 281 681 218 121 509 700 488 173 121 144 359 58 92 557 774 313 248 193 332 757 521 438 476 351 86 266 231 375 607 485 438 614 543 244 61 618 456 498 299 748 308 395 790 196 875 371 579 468 193 585 241 635 625 406 269 276 554 275 392 90 301 459 575 434 506 459 170 64 373 
327 332 290 421 421 367 379 858 187 543 382 273 154 384 728 608 770 402 462 204 717 755 275 703 415 518 383 473 442 -1 78 303 862 224 542 383 584 617 449 508 323 175 499 533 531 573 483 549 507 762 577 713 552 409 636 390 685 602 134 240 85 712 591 484 299 464 698 242 155 309 518 157 246 521 317 638 573 663 744 505 337 308 644 534 39 182 343 114 259 620 360 142 303 702 584 65 190 295 494 543 
262 257 215 352 371 291 357 780 263 493 303 214 185 325 649 535 691 383 422 135 639 680 209 646 342 449 329 401 385 78 -1 297 785 168 477 323 532 540 374 464 281 192 439 477 464 537 404 472 474 712 536 635 475 342 558 343 617 530 59 244 160 633 526 419 284 414 625 186 222 230 486 143 176 500 290 612 494 589 665 430 301 230 576 475 42 116 264 173 250 541 309 99 242 627 506 141 143 255 441 464 
512 460 309 337 233 355 98 889 332 321 445 484 458 255 734 723 735 680 220 256 678 847 249 498 367 408 222 394 281 303 297 -1 916 198 403 580 794 691 404 273 145 137 336 344 689 823 515 504 233 521 817 754 629 575 610 195 545 509 333 537 295 697 752 655 39 260 807 465 270 399 777 154 427 797 85 905 596 767 729 447 592 353 790 727 285 243 406 411 47 631 200 206 504 783 642 345 434 131 297 584 
560 530 620 590 730 562 879 69 1049 753 491 621 871 675 206 279 277 736 804 702 310 142 673 712 551 560 714 543 681 862 785 916 -1 737 597 536 492 245 517 784 776 916 657 691 391 630 403 433 869 825 595 162 310 483 336 754 554 484 728 818 946 259 365 441 877 737 208 654 1004 559 666 842 623 736 837 724 319 224 241 487 667 582 312 460 828 725 533 914 887 289 729 789 591 166 282 917 706 785 717 334 
319 262 117 207 202 181 216 717 361 324 253 299 354 160 569 528 589 517 257 62 533 657 67 480 214 301 160 263 218 224 168 198 737 -1 320 387 600 503 252 296 119 182 274 310 490 639 334 357 315 543 630 577 439 378 457 175 466 393 172 404 273 541 554 458 166 245 613 287 301 202 600 111 238 628 149 729 421 574 574 305 419 159 593 531 187 60 211 335 157 462 140 83 315 595 457 288 270 98 272 403 
481 388 274 128 170 214 328 550 676 156 304 502 655 164 392 511 358 737 221 342 305 579 268 191 160 49 184 103 121 542 477 403 597 320 -1 531 698 436 154 190 265 477 69 94 544 790 280 172 277 293 769 444 398 487 261 207 147 119 455 679 594 342 594 542 365 156 567 510 613 335 774 421 446 824 318 896 310 530 369 134 629 286 604 623 503 361 301 649 397 318 209 404 498 514 382 607 524 289 126 325 
67 146 307 417 529 326 601 554 566 631 226 110 344 458 472 257 553 231 608 325 517 406 360 723 374 484 488 427 509 383 323 580 536 387 531 -1 214 308 377 626 493 508 536 586 156 264 287 417 676 822 249 421 259 60 445 523 623 509 266 282 468 484 210 104 552 565 341 141 539 210 243 443 154 295 535 367 341 314 509 413 136 269 267 152 362 337 234 399 535 387 483 382 81 370 305 420 195 481 573 301 
281 346 511 601 726 515 812 535 758 819 404 318 511 655 515 250 614 278 808 539 596 350 568 884 553 649 688 597 700 584 532 794 492 600 698 214 -1 342 546 820 702 720 718 767 160 138 423 553 878 992 103 440 332 226 542 726 762 648 477 422 666 548 138 157 766 759 287 345 739 412 178 657 368 246 747 239 436 285 563 568 263 469 181 75 568 551 426 576 749 468 686 596 293 351 372 611 394 692 762 402 
321 285 385 388 532 338 667 249 803 585 251 381 630 468 175 94 271 528 612 462 256 156 443 597 342 389 508 354 488 617 540 691 245 503 436 308 342 -1 315 604 558 678 480 524 192 472 179 265 682 711 440 113 65 250 214 548 453 349 483 585 701 206 205 230 653 549 131 413 760 316 489 603 378 557 617 579 126 95 221 304 445 344 187 282 583 485 293 671 657 137 518 548 353 92 54 671 464 562 537 114 
330 237 158 73 217 83 361 485 609 278 151 356 537 158 329 376 338 588 297 245 282 469 185 345 37 106 197 50 173 449 374 404 517 252 154 377 546 315 -1 292 260 433 174 222 395 636 140 105 367 447 615 355 265 332 207 237 259 157 338 546 515 294 448 389 364 234 444 368 552 190 620 363 305 671 322 742 200 405 326 56 480 152 465 471 409 269 152 544 380 228 211 326 349 402 261 514 390 272 226 200 
565 480 323 224 99 305 178 740 595 50 417 566 649 168 581 668 548 799 53 346 495 755 280 225 273 224 143 250 121 508 464 273 784 296 190 626 820 604 292 -1 185 388 127 98 678 891 432 352 87 255 875 628 557 595 449 120 300 309 466 700 534 532 735 664 246 61 735 563 531 416 862 357 504 901 206 990 483 696 559 302 694 357 755 745 476 355 395 623 288 499 157 369 572 688 550 567 558 213 67 490 
427 357 193 191 105 220 112 746 422 221 322 414 466 109 590 599 589 636 140 178 532 714 134 390 224 264 80 248 144 323 281 145 776 119 265 493 702 558 260 185 -1 216 202 223 579 752 379 359 196 439 741 613 498 476 464 69 410 365 291 522 352 552 641 553 106 145 679 404 358 291 715 174 352 746 61 844 456 639 584 302 537 237 674 631 291 180 287 438 132 488 56 185 427 649 507 382 389 29 178 447 
443 413 297 380 322 363 227 899 207 431 426 402 328 313 752 692 771 570 335 215 715 828 250 605 395 468 294 438 359 175 192 137 916 182 477 508 720 678 433 388 216 -1 418 439 637 729 514 538 363 642 729 757 612 517 639 284 624 566 243 414 157 724 700 596 147 359 780 377 143 364 678 74 354 689 182 802 603 742 756 485 493 334 746 660 167 193 384 276 102 644 269 132 427 769 635 209 336 189 394 582 
480 390 252 119 102 210 258 613 621 105 315 493 622 114 454 548 426 730 152 306 372 629 232 208 164 96 123 127 58 499 439 336 657 274 69 536 718 480 174 127 202 418 -1 49 568 800 312 225 212 290 781 500 436 498 322 140 209 187 425 655 543 406 623 560 299 86 611 497 557 330 778 367 434 823 252 903 358 573 434 176 622 275 638 642 461 322 301 609 333 372 149 358 493 563 426 563 503 229 60 366 
529 439 299 168 117 259 258 644 645 62 364 541 661 152 486 594 450 777 138 347 397 670 273 170 214 135 151 174 92 533 477 344 691 310 94 586 767 524 222 98 223 439 49 -1 617 849 359 263 186 243 830 537 482 547 355 155 206 212 466 699 573 436 671 609 310 83 655 544 581 379 827 395 481 872 265 953 400 618 462 219 670 323 685 691 497 361 351 646 348 410 175 391 542 604 469 596 548 251 47 411 
203 229 387 455 588 375 692 418 717 672 263 260 501 517 368 114 462 346 671 434 440 254 447 727 406 494 554 444 557 531 464 689 391 490 544 156 160 192 395 678 579 637 568 617 -1 282 265 393 742 836 251 300 172 122 383 593 601 488 405 435 617 394 63 52 656 618 188 294 685 290 297 567 288 365 630 390 276 166 413 411 278 342 112 91 505 451 293 555 647 310 555 506 229 229 214 573 349 574 616 241 
326 411 570 681 793 590 856 673 729 896 486 340 468 722 647 384 744 196 871 577 722 488 621 981 636 742 752 687 774 573 537 823 630 639 790 264 138 472 636 891 752 729 800 849 282 -1 527 660 939 1083 34 575 453 303 663 786 869 755 490 368 647 677 273 259 799 830 425 357 722 475 65 675 400 119 788 109 555 422 694 666 237 533 319 190 566 583 498 538 776 591 745 617 324 488 496 586 393 737 838 518 
259 180 217 210 354 160 488 384 662 417 102 305 533 289 245 236 294 515 436 302 247 335 270 461 163 231 328 185 313 483 404 515 403 334 280 287 423 179 140 432 379 514 312 359 265 527 -1 133 506 571 502 242 125 231 167 369 342 227 353 515 561 231 313 269 477 374 305 329 612 175 522 440 274 580 439 635 90 266 262 146 412 182 325 348 445 326 139 558 484 136 338 390 287 270 127 544 368 385 366 69 
383 295 259 167 298 182 452 393 713 325 205 421 626 251 234 345 233 642 371 348 176 407 290 336 143 129 288 112 248 549 472 504 433 357 172 417 553 265 105 352 359 538 225 263 393 660 133 -1 435 449 634 275 233 363 105 325 209 94 431 624 618 193 437 402 464 304 396 440 657 266 654 469 379 712 420 769 139 360 224 57 536 243 439 480 509 372 225 639 483 147 306 431 407 341 212 613 470 374 284 159 
612 533 369 295 154 367 136 825 565 131 479 605 656 225 666 741 635 832 71 373 582 835 318 291 343 309 189 330 193 507 474 233 869 315 277 676 878 682 367 87 196 363 212 186 742 939 506 435 -1 291 926 711 631 651 534 153 385 396 487 717 518 618 801 724 216 133 811 598 503 467 906 349 543 939 189 1034 564 772 646 383 730 409 825 804 479 376 452 621 261 582 193 375 616 768 628 560 585 219 152 567 
769 677 542 407 341 498 423 765 849 219 597 783 898 393 622 794 551 1020 306 586 514 840 514 114 448 342 383 396 332 762 712 521 825 543 293 822 992 711 447 255 439 642 290 243 836 1083 571 449 291 -1 1062 692 682 779 507 372 270 362 707 940 790 567 883 835 498 298 839 786 785 620 1065 613 724 1112 460 1189 585 806 583 424 912 565 888 916 728 599 589 876 541 579 403 621 783 777 659 822 791 468 272 608 
314 394 556 662 778 573 847 638 738 878 466 333 479 707 615 351 712 214 857 568 692 453 609 958 616 720 737 666 757 577 536 817 595 630 769 249 103 440 615 875 741 729 781 830 251 34 502 634 926 1062 -1 542 424 283 634 772 844 729 487 382 653 645 240 232 793 814 391 353 728 459 89 672 392 151 780 138 526 388 662 643 240 518 284 160 567 576 481 548 771 562 732 613 315 454 466 593 393 727 820 490 
431 385 460 428 569 400 717 144 898 600 335 490 738 513 83 191 185 641 645 544 191 151 512 578 389 404 552 383 521 713 635 754 162 577 444 421 440 113 355 628 613 757 500 537 300 575 242 275 711 692 542 -1 167 363 187 592 424 337 580 696 795 133 302 342 715 578 174 521 850 406 597 683 481 666 675 679 157 159 134 327 558 423 268 387 678 568 377 775 725 128 567 631 463 100 129 771 570 622 560 175 
263 220 322 336 479 278 609 309 738 541 186 322 570 413 212 112 297 487 561 397 269 218 380 570 288 350 452 308 438 552 475 629 310 439 398 259 332 65 265 557 498 612 436 482 172 453 125 233 631 682 424 167 -1 199 210 493 435 325 417 530 635 228 205 198 592 500 181 353 694 250 462 538 315 527 557 562 104 141 251 264 396 280 206 264 518 420 228 608 594 138 461 482 295 156 45 607 402 501 491 74 
82 119 284 379 500 291 587 497 596 596 183 142 390 428 411 208 492 291 581 319 457 358 342 677 333 438 462 383 476 409 342 575 483 378 487 60 226 250 332 595 476 517 498 547 122 303 231 363 651 779 283 363 199 -1 386 499 571 456 282 336 495 423 184 80 545 534 295 175 563 185 291 448 166 349 523 410 281 264 448 364 197 242 234 154 383 334 200 439 532 326 459 387 111 317 245 453 230 467 539 241 
425 348 351 272 402 277 558 291 807 417 266 473 698 357 131 306 133 676 472 441 81 332 389 392 245 225 394 218 351 636 558 610 336 457 261 445 542 214 207 449 464 639 322 355 383 663 167 105 534 507 634 187 210 386 -1 430 242 150 512 683 710 87 413 404 570 405 336 497 753 336 668 568 442 730 526 772 107 305 119 162 576 327 401 474 597 466 297 719 588 77 412 526 454 270 172 699 535 479 382 146 
459 380 216 163 38 219 127 718 490 153 330 454 529 80 560 599 549 683 85 227 492 704 166 321 206 216 41 213 86 390 343 195 754 175 207 523 726 548 237 120 69 284 140 155 593 786 369 325 153 372 772 592 493 499 430 -1 349 316 346 580 421 518 653 572 159 76 675 448 426 314 754 243 391 789 112 882 438 635 548 269 580 256 680 652 356 234 301 504 193 464 40 249 463 638 495 450 440 98 110 435 
583 491 406 264 311 337 463 496 823 253 401 614 790 311 352 542 284 843 345 482 243 572 409 157 281 167 330 219 266 685 617 545 554 466 147 623 762 453 259 300 410 624 209 206 601 869 342 209 385 270 844 424 435 571 242 349 -1 114 589 805 739 297 641 611 508 287 577 628 761 449 863 568 564 919 461 978 332 546 313 212 736 409 637 689 646 503 410 790 542 317 355 549 605 512 405 751 649 436 252 361 
471 381 314 186 282 240 442 434 755 272 290 505 695 256 277 434 239 732 340 398 185 480 330 247 187 101 286 130 231 602 530 509 484 393 119 509 648 349 157 309 365 566 187 212 488 755 227 94 396 362 729 337 325 456 150 316 114 -1 496 702 665 225 530 497 470 274 477 521 695 343 748 502 458 805 423 863 224 443 250 104 625 310 529 575 563 421 303 701 496 218 309 473 494 416 298 668 546 386 245 250 
203 198 183 327 369 255 380 724 321 490 251 159 200 314 597 475 644 349 429 120 593 621 193 633 309 422 326 371 375 134 59 333 728 172 455 266 477 483 338 466 291 243 425 466 405 490 353 431 487 707 487 580 417 282 512 346 589 496 -1 233 218 584 466 360 314 412 565 134 282 178 444 184 116 464 312 571 442 529 616 394 258 188 516 418 102 112 214 208 286 489 308 127 185 568 450 191 101 269 435 410 
266 334 405 550 603 468 601 833 365 724 420 211 102 547 737 540 806 177 662 354 762 688 426 862 524 641 559 586 607 240 244 537 818 404 679 282 422 585 546 700 522 414 655 699 435 368 515 624 717 940 382 696 530 336 683 580 805 702 233 -1 294 739 480 382 527 646 622 185 367 358 306 384 244 293 534 412 591 596 768 598 162 395 539 397 251 345 399 173 491 640 542 343 235 652 573 230 155 498 668 553 
413 417 359 479 457 435 384 940 102 573 461 358 195 430 806 693 844 467 484 270 790 840 334 742 480 575 422 534 485 85 160 295 946 273 594 468 666 701 515 534 352 157 543 573 617 647 561 618 518 790 653 795 635 495 710 421 739 665 218 294 -1 788 676 569 302 497 783 326 75 389 588 178 331 585 331 704 651 748 820 571 412 383 729 617 117 246 421 130 258 698 397 191 388 787 667 65 273 323 530 623 
475 407 432 360 489 360 645 208 887 498 333 528 763 444 55 299 69 714 557 521 57 284 474 453 332 310 481 305 438 712 633 697 259 541 342 484 548 206 294 532 552 724 406 436 394 677 231 193 618 567 645 133 228 423 87 518 297 225 584 739 788 -1 411 426 657 490 304 555 834 406 690 652 504 756 613 784 147 282 32 250 619 405 388 486 673 546 369 789 675 99 500 608 505 232 183 774 597 566 466 186 
263 292 449 511 647 434 754 402 776 727 322 318 553 576 377 112 476 373 730 498 461 224 509 773 462 545 613 497 614 591 526 752 365 554 594 210 138 205 448 735 641 700 623 671 63 273 313 437 801 883 240 302 205 184 413 653 641 530 466 480 676 411 -1 107 719 675 157 351 746 353 302 630 350 372 693 377 310 148 426 460 319 405 59 95 566 515 354 609 710 336 616 569 288 215 240 631 406 636 672 279 
156 197 360 443 571 358 664 465 668 661 247 211 449 499 404 162 494 299 653 399 468 306 419 729 395 492 534 439 543 484 419 655 441 458 542 104 157 230 389 664 553 596 560 609 52 259 269 402 724 835 232 342 198 80 404 572 611 497 360 382 569 426 107 -1 624 603 240 244 639 261 264 528 244 329 601 368 297 216 447 412 226 317 162 82 459 415 271 503 612 335 533 467 180 277 243 523 299 545 605 259 
485 428 273 297 197 316 81 849 351 292 409 459 453 215 694 687 695 663 192 226 638 810 213 468 328 369 183 354 244 299 284 39 877 166 365 552 766 653 364 246 106 147 299 310 656 799 477 464 216 498 793 715 592 545 570 159 508 470 314 527 302 657 719 624 -1 227 770 442 287 366 756 143 401 778 47 884 558 731 689 408 572 318 756 697 277 216 370 411 44 591 161 187 478 745 604 347 415 92 263 546 
504 419 262 165 43 244 176 696 565 79 356 506 600 107 536 610 512 740 67 291 457 702 223 246 213 179 86 197 61 464 414 260 737 245 156 565 759 549 234 61 145 359 86 83 618 830 374 304 133 298 814 578 500 534 405 76 287 274 412 646 497 490 675 603 227 -1 679 504 501 354 802 319 444 841 181 929 431 640 519 251 635 296 696 684 430 302 333 578 265 450 105 323 512 635 495 525 501 174 36 434 
377 370 498 516 660 459 790 247 885 716 361 437 684 594 258 90 359 529 741 566 360 67 557 725 469 521 634 484 618 698 625 807 208 613 567 341 287 131 444 735 679 780 611 655 188 425 305 396 811 839 391 174 181 295 336 675 577 477 565 622 783 304 157 240 770 679 -1 471 848 416 459 706 452 529 737 523 256 39 309 436 466 454 106 252 667 587 402 734 770 260 642 648 406 73 185 746 525 681 668 245 
94 149 245 383 463 295 503 661 424 579 235 33 217 398 555 383 621 235 534 225 577 533 282 699 351 469 420 412 456 242 186 465 654 287 510 141 345 413 368 563 404 377 497 544 294 357 329 440 598 786 353 521 353 175 497 448 628 521 134 185 326 555 351 244 442 504 471 -1 398 178 313 318 64 341 434 442 407 439 584 417 132 223 406 291 222 228 217 263 418 456 408 260 64 488 394 279 54 385 520 369 
482 478 401 508 464 475 366 994 64 574 515 429 267 449 856 758 886 541 478 312 831 903 367 747 515 600 434 565 498 155 222 270 1004 301 613 539 739 760 552 531 358 143 557 581 685 722 612 657 503 785 728 850 694 563 753 426 761 695 282 367 75 834 746 639 287 501 848 398 -1 445 663 192 398 659 325 778 702 812 866 606 487 430 798 689 180 287 474 198 243 747 408 226 459 848 723 137 346 329 536 676 
150 66 99 212 318 121 403 550 491 422 73 166 362 247 419 328 467 401 398 150 418 464 158 526 175 292 278 235 299 309 230 399 559 202 335 210 412 316 190 416 291 364 330 379 290 475 175 266 467 620 459 406 250 185 336 314 449 343 178 358 389 406 353 261 366 354 416 178 445 -1 448 290 114 492 340 575 264 377 438 239 293 58 391 339 272 171 40 383 359 311 274 233 163 406 278 369 204 284 363 233 
298 388 539 659 763 568 816 704 668 871 469 301 406 694 665 407 758 131 839 538 732 524 587 966 616 727 721 671 748 518 486 777 666 600 774 243 178 489 620 862 715 678 778 827 297 65 522 654 906 1065 89 597 462 291 668 754 863 748 444 306 588 690 302 264 756 802 459 313 663 448 -1 627 363 69 748 129 560 450 710 655 185 506 354 210 513 542 476 477 730 600 713 571 290 517 507 527 344 698 812 522 
377 341 223 315 278 292 221 825 254 395 352 340 310 256 679 618 701 527 309 141 645 754 179 564 326 407 244 373 308 157 143 154 842 111 421 443 657 603 363 357 174 74 367 395 567 675 440 469 349 613 672 683 538 448 568 243 568 502 184 384 178 652 630 528 143 319 706 318 192 290 627 -1 288 644 160 753 529 668 685 417 441 260 675 594 133 119 310 271 107 571 220 61 364 694 560 210 283 145 352 508 
88 97 183 320 404 231 455 624 433 517 176 62 259 337 509 362 568 296 477 176 522 510 225 635 287 405 361 348 395 246 176 427 623 238 446 154 368 378 305 504 352 354 434 481 288 400 274 379 543 724 392 481 315 166 442 391 564 458 116 244 331 504 350 244 401 444 452 64 398 114 363 288 -1 397 388 492 357 417 534 354 190 159 400 305 217 184 155 293 381 406 351 227 77 460 352 295 93 336 459 321 
343 435 578 705 801 614 843 774 658 913 521 335 395 734 732 476 824 119 875 567 797 594 622 1016 664 778 758 721 790 521 500 797 736 628 824 295 246 557 671 901 746 689 823 872 365 119 580 712 939 1112 151 666 527 349 730 789 919 805 464 293 585 756 372 329 778 841 529 341 659 492 69 644 397 -1 774 120 623 520 776 709 208 548 423 279 522 568 523 466 749 664 748 591 330 586 573 522 362 727 854 584 
468 404 244 253 150 279 68 807 389 250 378 448 468 169 651 655 650 662 154 211 593 774 183 425 286 322 137 309 196 317 290 85 837 149 318 535 747 617 322 206 61 182 252 265 630 788 439 420 189 460 780 675 557 523 526 112 461 423 312 534 331 613 693 601 47 181 737 434 325 340 748 160 388 774 -1 877 518 697 645 363 566 289 728 677 290 206 341 432 83 550 115 191 464 709 567 370 413 57 218 508 
425 513 668 784 891 693 945 771 777 998 592 430 514 822 753 489 851 237 968 667 831 584 716 1087 740 848 849 793 875 638 612 905 724 729 896 367 239 579 742 990 844 802 903 953 390 109 635 769 1034 1189 138 679 562 410 772 882 978 863 571 412 704 784 377 368 884 929 523 442 778 575 129 753 492 120 877 -1 664 524 801 774 312 633 417 298 636 671 601 585 858 700 841 699 419 589 604 640 470 827 939 627 
328 260 306 274 417 243 561 295 753 461 191 380 616 358 155 209 214 572 495 392 176 271 356 472 233 265 398 234 371 573 494 596 319 421 310 341 436 126 200 483 456 603 358 400 276 555 90 139 564 585 526 157 104 281 107 438 332 224 442 591 651 147 310 297 558 431 256 407 702 264 560 529 357 623 518 664 -1 221 177 181 474 272 305 367 535 416 230 645 568 48 411 480 358 205 73 633 450 465 416 39 
345 333 458 477 620 419 750 254 850 678 321 406 654 555 240 56 341 512 702 527 337 93 518 691 430 484 594 446 579 663 589 767 224 574 530 314 285 95 405 696 639 742 573 618 166 422 266 360 772 806 388 159 141 264 305 635 546 443 529 596 748 282 148 216 731 640 39 439 812 377 450 668 417 520 697 524 221 -1 290 398 443 415 109 241 632 549 362 702 731 228 602 610 375 66 148 712 493 641 629 206 
503 437 465 392 519 393 676 185 920 523 365 557 794 476 51 313 51 738 586 554 69 282 506 470 364 339 512 336 468 744 665 729 241 574 369 509 563 221 326 559 584 756 434 462 413 694 262 224 646 583 662 134 251 448 119 548 313 250 616 768 820 32 426 447 689 519 309 584 866 438 710 685 534 776 645 801 177 290 -1 281 645 437 398 504 706 579 401 821 707 128 531 641 534 235 205 806 627 598 493 214 
371 279 215 110 242 139 396 449 665 280 189 402 592 194 291 377 288 631 317 301 231 453 239 316 91 85 231 56 193 505 430 447 487 305 134 413 568 304 56 302 302 485 176 219 411 666 146 57 383 424 643 327 264 364 162 269 212 104 394 598 571 250 460 412 408 251 436 417 606 239 655 417 354 709 363 774 181 398 281 -1 524 206 469 493 465 325 200 600 427 198 249 382 393 386 250 570 442 317 234 192 
153 244 373 506 594 415 635 688 500 708 334 129 248 528 608 388 688 108 666 358 650 533 414 820 468 585 551 528 585 337 301 592 667 419 629 136 263 445 480 694 537 493 622 670 278 237 412 536 730 912 240 558 396 197 576 580 736 625 258 162 412 619 319 226 572 635 466 132 487 293 185 441 190 208 566 312 474 443 645 524 -1 346 379 234 329 360 328 314 545 521 540 386 131 502 442 354 158 518 649 435 
208 124 44 160 259 72 349 566 482 365 93 217 385 188 425 369 461 454 339 120 408 498 105 475 128 246 219 191 241 308 230 353 582 159 286 269 469 344 152 357 237 334 275 323 342 533 182 243 409 565 518 423 280 242 327 256 409 310 188 395 383 405 405 317 318 296 454 223 430 58 506 260 159 548 289 633 272 415 437 206 346 -1 439 396 269 144 52 396 316 316 216 208 218 436 300 372 239 232 306 248 
316 334 484 531 671 460 786 354 829 743 351 373 611 602 348 95 449 431 754 539 441 170 544 776 483 555 640 511 635 644 576 790 312 593 604 267 181 187 465 755 674 746 638 685 112 319 325 439 825 888 284 268 206 234 401 680 637 529 516 539 729 388 59 162 756 696 106 406 798 391 354 675 400 423 728 417 305 109 398 469 379 439 -1 152 617 557 387 666 750 323 644 614 342 173 232 685 461 671 691 280 
217 273 438 525 652 440 741 495 713 743 329 261 477 580 457 196 553 279 734 471 532 319 496 809 477 574 614 521 625 534 475 727 460 531 623 152 75 282 471 745 631 660 642 691 91 190 348 480 804 916 160 387 264 154 474 652 689 575 418 397 617 486 95 82 697 684 252 291 689 339 210 594 305 279 677 298 367 241 504 493 234 396 152 -1 513 484 351 538 683 401 613 533 233 307 306 567 344 621 686 331 
302 299 250 382 387 327 354 822 220 509 344 252 177 347 690 577 731 403 431 165 678 723 236 667 375 479 347 433 406 39 42 285 828 187 503 362 568 583 409 476 291 167 461 497 505 566 445 509 479 728 567 678 518 383 597 356 646 563 102 251 117 673 566 459 277 430 667 222 180 272 513 133 217 522 290 636 535 632 706 465 329 269 617 513 -1 143 305 148 240 582 325 107 281 669 549 105 175 263 458 506 
269 223 114 239 259 189 274 711 342 381 234 243 299 209 569 499 599 457 317 24 545 635 93 530 234 335 216 291 269 182 116 243 725 60 361 337 551 485 269 355 180 193 322 361 451 583 326 372 376 599 576 568 420 334 466 234 503 421 112 345 246 546 515 415 216 302 587 228 287 171 542 119 184 568 206 671 416 549 579 325 360 144 557 484 143 -1 192 288 198 460 197 63 262 576 443 248 209 158 327 393 
180 88 97 182 300 92 399 520 523 397 42 203 402 228 385 317 429 436 382 168 379 446 157 493 141 256 262 199 276 343 264 406 533 211 301 234 426 293 152 395 287 384 301 351 293 498 139 225 452 589 481 377 228 200 297 301 410 303 214 399 421 369 354 271 370 333 402 217 474 40 476 310 155 523 341 601 230 362 401 200 328 52 387 351 305 192 -1 421 368 276 262 255 197 385 251 404 245 284 339 202 
357 389 386 525 535 461 491 918 192 657 456 297 70 495 799 646 851 349 577 308 800 796 381 816 514 622 496 574 554 114 173 411 914 335 649 399 576 671 544 623 438 276 609 646 555 538 558 639 621 876 548 775 608 439 719 504 790 701 208 173 130 789 609 503 411 578 734 263 198 383 477 271 293 466 432 585 645 702 821 600 314 396 666 538 148 288 421 -1 369 693 474 255 327 750 645 67 209 410 607 611 
468 418 272 318 232 325 125 862 307 333 409 438 414 240 709 685 716 633 235 213 659 813 214 509 343 396 213 376 275 259 250 47 887 157 397 535 749 657 380 288 132 102 333 348 647 776 484 483 261 541 771 725 594 532 588 193 542 496 286 491 258 675 710 612 44 265 770 418 243 359 730 107 381 749 83 858 568 731 707 427 545 316 750 683 240 198 368 369 -1 604 188 158 458 750 610 304 387 110 301 553 
376 309 348 301 440 281 590 257 798 472 238 429 665 386 109 229 166 617 516 435 132 262 395 465 263 276 425 254 392 620 541 631 289 462 318 387 468 137 228 499 488 644 372 410 310 591 136 147 582 579 562 128 138 326 77 464 317 218 489 640 698 99 336 335 591 450 260 456 747 311 600 571 406 664 550 700 48 228 128 198 521 316 323 401 582 460 276 693 604 -1 440 523 406 198 96 680 499 499 431 87 
418 340 176 140 62 184 150 696 472 184 293 413 494 55 539 565 535 643 126 188 478 674 125 345 178 208 25 194 90 360 309 200 729 140 209 483 686 518 211 157 56 269 149 175 555 745 338 306 193 403 732 567 461 459 412 40 355 309 308 542 397 500 616 533 161 105 642 408 408 274 713 220 351 748 115 841 411 602 531 249 540 216 644 613 325 197 262 474 188 440 -1 218 422 608 465 422 401 80 134 405 
316 280 175 288 280 249 258 774 282 402 297 281 281 243 632 559 660 476 325 87 605 697 143 561 290 383 241 343 301 142 99 206 789 83 404 382 596 548 326 369 185 132 358 391 506 617 390 431 375 621 613 631 482 387 526 249 549 473 127 343 191 608 569 467 187 323 648 260 226 233 571 61 227 591 191 699 480 610 641 382 386 208 614 533 107 63 255 255 158 523 218 -1 303 638 507 205 228 157 352 456 
31 113 249 376 473 285 532 602 488 583 204 31 279 404 502 319 573 239 549 253 532 468 297 689 337 453 431 396 459 303 242 504 591 315 498 81 293 353 349 572 427 427 493 542 229 324 287 407 616 783 315 463 295 111 454 463 605 494 185 235 388 505 288 180 478 512 406 64 459 163 290 364 77 330 464 419 358 375 534 393 131 218 342 233 281 262 197 327 458 406 422 303 -1 425 338 343 119 412 524 319 
394 370 478 476 620 429 758 189 890 666 343 455 705 557 184 115 286 575 699 553 289 66 535 663 431 469 597 438 575 702 627 783 166 595 514 370 351 92 402 688 649 769 563 604 229 488 270 341 768 777 454 100 156 317 270 638 512 416 568 652 787 232 215 277 745 635 73 488 848 406 517 694 460 586 709 589 205 66 235 386 502 436 173 307 669 576 385 750 750 198 608 638 425 -1 142 755 541 654 621 203 
306 256 340 334 478 287 615 273 769 530 209 364 610 415 166 136 251 533 558 420 226 208 395 545 289 335 455 299 434 584 506 642 282 457 382 305 372 54 261 550 507 635 426 469 214 496 127 212 628 659 466 129 45 245 172 495 405 298 450 573 667 183 240 243 604 495 185 394 723 278 507 560 352 573 567 604 73 148 205 250 442 300 232 306 549 443 251 645 610 96 465 507 338 142 -1 641 442 512 483 60 
370 386 355 487 483 432 428 915 147 603 442 312 130 448 788 656 832 403 519 270 780 805 341 766 481 583 445 538 506 65 141 345 917 288 607 420 611 671 514 567 382 209 563 596 573 586 544 613 560 822 593 771 607 453 699 450 751 668 191 230 65 774 631 523 347 525 746 279 137 369 527 210 295 522 370 640 633 712 806 570 354 372 685 567 105 248 404 67 304 680 422 205 343 755 641 -1 224 353 556 602 
148 190 251 395 459 312 481 712 370 578 270 88 167 398 601 437 662 248 525 212 616 587 278 709 368 486 415 431 459 190 143 434 706 270 524 195 394 464 390 558 389 336 503 548 349 393 368 470 585 791 393 570 402 230 535 440 649 546 101 155 273 597 406 299 415 501 525 54 346 204 344 283 93 362 413 470 450 493 627 442 158 239 461 344 175 209 245 209 387 499 401 228 119 541 442 224 -1 368 521 414 
414 348 187 207 134 224 120 757 393 250 321 397 439 129 602 599 606 616 168 160 549 718 126 419 236 286 105 265 170 295 255 131 785 98 289 481 692 562 272 213 29 189 229 251 574 737 385 374 219 468 727 622 501 467 479 98 436 386 269 498 323 566 636 545 92 174 681 385 329 284 698 145 336 727 57 827 465 641 598 317 518 232 671 621 263 158 284 410 110 499 80 157 412 654 512 353 368 -1 207 453 
514 426 276 161 73 248 211 673 600 58 357 520 626 122 514 602 485 756 95 314 431 687 243 212 210 156 111 183 64 494 441 297 717 272 126 573 762 537 226 67 178 394 60 47 616 838 366 284 152 272 820 560 491 539 382 110 252 245 435 668 530 466 672 605 263 36 668 520 536 363 812 352 459 854 218 939 416 629 493 234 649 306 691 686 458 327 339 607 301 431 134 352 524 621 483 556 521 207 -1 423 
289 224 285 273 417 229 555 318 725 471 161 342 581 354 188 186 253 532 497 368 216 269 339 495 228 277 394 239 373 543 464 584 334 403 325 301 402 114 200 490 447 582 366 411 241 518 69 159 567 608 490 175 74 241 146 435 361 250 410 553 623 186 279 259 546 434 245 369 676 233 522 508 321 584 508 627 39 206 214 192 435 248 280 331 506 393 202 611 553 87 405 456 319 203 60 602 414 453 423 -1 
