100
-1 120 220 312 75 211 436 281 518 728 145 487 479 500 133 86 77 222 503 170 723 216 178 63 563 513 429 123 679 535 154 299 277 563 626 596 513 733 643 488 568 383 406 624 578 618 295 175 605 290 611 597 622 769 479 571 479 476 302 250 371 529 110 285 323 664 636 567 878 417 506 486 728 368 171 527 441 648 665 395 583 385 257 355 326 96 221 362 325 509 291 305 470 673 617 180 580 653 669 468 
120 -1 286 284 195 143 391 208 403 654 75 377 442 380 157 146 187 169 404 49 613 201 156 95 451 402 361 202 569 415 149 185 273 467 514 477 483 620 575 373 500 292 322 508 499 517 412 147 493 266 523 477 564 649 437 468 374 414 220 136 353 442 129 255 227 563 611 449 760 354 387 404 610 376 121 413 322 528 634 292 486 273 165 304 219 51 334 286 256 438 241 185 373 553 522 291 506 537 557 373 
220 286 -1 532 194 248 655 287 582 937 241 654 362 615 353 143 255 229 689 323 751 436 397 281 725 559 380 97 843 635 374 465 497 753 668 731 380 776 855 556 497 394 607 771 532 801 353 185 766 511 583 720 838 859 698 751 656 690 319 416 242 728 158 211 362 847 483 708 945 630 598 457 802 198 215 683 580 760 519 432 581 451 311 572 390 296 326 345 534 719 507 427 480 782 608 305 789 719 712 660 
312 284 532 -1 359 423 128 479 561 439 359 348 723 466 182 392 302 451 306 287 777 96 136 251 414 582 626 435 506 517 157 258 62 339 675 497 764 765 349 533 759 534 184 496 743 406 460 431 449 22 752 521 317 723 167 375 313 185 482 253 637 283 396 540 470 446 893 463 855 138 509 651 714 657 406 401 381 583 915 513 699 470 424 72 442 248 378 549 109 230 62 348 596 609 736 346 300 664 711 260 
75 195 194 359 -1 266 486 333 587 787 208 561 506 575 176 107 61 270 574 244 789 263 232 128 637 580 474 106 753 609 206 373 314 631 693 671 534 801 700 557 609 441 472 699 627 688 229 217 679 337 665 672 674 842 526 642 551 532 358 325 390 595 147 316 385 734 651 642 949 475 579 537 800 372 223 602 516 723 684 458 642 453 320 411 392 169 165 412 387 569 348 379 529 748 675 130 641 724 737 537 
211 143 248 423 266 -1 521 69 339 755 72 427 299 368 297 165 289 31 479 138 527 345 300 224 492 323 222 207 609 386 293 253 417 546 435 486 341 544 683 311 361 174 425 530 367 584 495 63 532 407 400 473 681 612 568 532 438 532 92 213 219 535 124 122 122 628 470 466 705 474 350 275 559 259 43 449 340 512 491 196 375 205 63 433 143 192 429 151 377 547 375 189 263 534 408 390 611 477 479 459 
436 391 655 128 486 521 -1 568 590 315 464 323 815 473 309 512 430 551 252 382 797 223 258 374 371 620 706 558 441 526 282 308 183 262 699 472 858 777 225 567 832 605 155 456 807 328 580 539 399 150 806 504 189 704 47 311 278 74 565 322 740 198 512 641 544 361 987 438 840 72 528 718 710 767 510 373 390 564 1005 575 746 524 509 87 510 363 501 629 146 124 150 407 653 589 782 471 185 672 730 211 
281 208 287 479 333 69 568 -1 295 783 141 435 246 349 364 229 358 64 498 192 468 406 362 293 494 272 153 265 607 358 357 280 478 564 381 473 290 490 716 270 293 111 459 521 297 596 561 119 532 464 331 454 719 574 616 544 453 572 31 249 189 561 188 105 77 638 419 456 657 516 319 205 515 247 110 449 337 486 437 144 310 170 61 481 115 258 498 81 422 583 427 197 200 505 342 459 642 432 425 483 
518 403 582 561 587 339 590 295 -1 682 380 308 419 139 538 499 589 353 398 356 218 534 503 497 325 46 283 546 405 104 514 303 592 451 115 246 462 217 644 30 332 199 438 304 276 448 813 402 345 557 245 210 673 280 631 405 350 557 263 322 441 482 459 390 219 478 562 250 366 519 74 229 220 516 379 285 207 215 558 152 175 135 276 523 197 448 737 259 461 541 498 228 147 228 206 694 573 138 156 412 
728 654 937 439 787 755 315 783 682 -1 716 377 1019 542 613 794 736 786 293 628 840 528 555 665 362 724 889 845 336 585 581 503 498 232 762 464 1065 803 90 670 992 779 332 416 948 240 896 791 355 460 926 507 141 664 291 277 342 255 769 542 971 221 784 876 734 227 1189 444 794 311 608 876 705 1015 759 398 487 551 1198 734 857 677 722 377 691 641 816 822 403 219 439 589 796 567 888 785 148 704 777 300 
145 75 241 359 208 72 464 141 380 716 -1 412 367 384 225 122 222 94 453 88 580 277 231 152 483 371 294 175 601 411 222 225 348 518 484 493 407 592 639 350 433 238 383 531 437 562 437 75 524 342 467 487 632 643 510 512 417 482 159 179 278 500 87 180 178 608 535 469 744 423 378 344 596 304 46 442 340 532 559 250 438 245 112 376 184 120 367 221 325 502 315 189 324 555 472 326 569 517 528 427 
487 377 654 348 561 427 323 435 308 377 412 -1 654 170 427 522 532 456 90 333 490 374 369 435 75 348 520 577 192 220 392 191 402 145 400 150 701 463 336 293 615 410 171 150 571 161 746 478 117 356 550 180 367 381 354 110 46 269 414 240 624 175 497 537 373 203 820 116 517 251 235 499 388 680 445 52 109 242 826 361 481 304 378 285 329 391 661 458 241 242 296 239 418 266 514 619 266 358 424 115 
479 442 362 723 506 299 815 246 419 1019 367 654 -1 528 590 401 550 273 728 436 493 644 599 511 702 377 138 406 804 516 590 522 716 793 447 653 46 535 956 410 157 245 702 708 216 815 709 307 734 707 280 623 963 680 862 764 680 817 252 495 120 798 369 194 285 854 172 646 720 762 477 196 604 179 323 656 547 635 192 297 314 352 306 728 328 488 667 196 668 825 672 430 272 647 323 636 882 524 481 719 
500 380 615 466 575 368 473 349 139 542 384 170 528 -1 485 506 562 391 261 330 324 460 438 464 186 183 390 559 276 53 455 226 507 312 230 126 574 303 506 130 463 286 318 179 412 309 788 430 210 467 384 105 538 272 511 265 214 431 320 262 525 346 471 453 273 341 684 118 395 401 65 352 250 592 400 145 85 148 684 233 315 184 306 417 234 414 706 344 359 410 405 196 268 173 345 663 437 199 257 280 
133 157 353 182 176 297 309 364 538 613 225 427 590 485 -1 218 123 318 421 189 754 86 62 80 502 545 517 256 613 529 35 260 143 472 653 558 627 755 525 508 657 448 308 575 656 534 319 283 543 160 678 568 498 758 349 492 407 357 377 223 490 429 232 397 382 579 753 525 879 301 508 561 730 496 266 475 411 626 780 444 639 417 322 235 369 106 233 443 220 395 174 310 526 652 675 192 468 664 694 380 
86 146 143 392 107 165 512 229 499 794 122 522 401 506 218 -1 149 165 551 189 693 297 256 141 595 487 367 55 713 533 235 331 362 613 600 613 432 709 711 471 502 339 464 648 520 664 332 111 637 371 559 608 694 765 557 615 520 546 256 281 288 586 41 209 288 710 553 587 865 486 500 431 717 281 122 556 459 654 583 361 540 364 224 429 302 152 273 307 391 575 364 310 428 678 571 237 645 638 644 519 
77 187 255 302 61 289 430 358 589 736 222 532 550 562 123 149 -1 299 536 235 798 208 183 99 607 587 506 163 721 600 156 349 255 590 699 650 581 806 648 559 644 460 428 674 655 650 225 249 649 280 689 655 619 834 469 606 517 480 380 304 438 550 182 357 400 695 702 620 946 424 573 563 797 426 248 575 497 709 732 471 660 458 334 358 401 148 147 439 341 518 297 371 546 735 695 104 591 724 743 496 
222 169 229 451 270 31 551 64 353 786 94 456 273 391 318 165 299 -1 510 168 533 371 325 242 521 333 206 200 637 407 317 284 442 577 444 511 313 553 714 327 345 175 456 556 357 614 497 54 560 434 394 497 712 629 598 562 469 563 94 245 189 566 124 91 133 658 442 492 717 504 369 266 573 228 52 477 367 534 465 205 375 222 84 463 161 214 435 141 408 579 404 217 264 555 406 398 642 491 488 490 
503 404 689 306 574 479 252 498 398 293 453 90 728 261 421 551 536 510 -1 367 579 354 359 445 119 438 597 606 200 310 385 228 365 66 491 224 774 551 245 382 698 487 121 203 657 114 738 524 147 318 639 261 277 455 277 71 49 190 481 274 687 84 531 596 443 160 896 193 592 185 325 582 470 738 490 130 195 319 905 441 571 384 438 235 400 408 652 531 209 156 265 301 503 342 604 613 175 447 514 45 
170 49 323 287 244 138 382 192 356 628 88 333 436 330 189 189 235 168 367 -1 569 216 173 140 406 358 342 244 524 365 174 142 287 431 469 428 478 574 551 326 478 261 295 460 471 478 461 163 448 272 490 427 546 599 429 428 333 396 197 93 357 412 165 259 195 524 607 401 711 337 338 376 561 390 131 367 273 478 628 254 449 230 139 294 180 91 382 265 240 415 236 135 337 503 485 339 481 489 512 339 
723 613 751 777 789 527 797 468 218 840 580 490 493 324 754 693 798 533 579 569 -1 752 721 709 480 211 388 733 519 271 731 520 810 620 102 375 524 52 817 247 350 358 642 426 283 599 1017 587 484 774 219 332 856 239 835 566 535 755 438 540 560 664 651 542 404 617 584 396 231 724 269 309 162 639 570 452 407 293 564 331 180 340 469 735 397 661 945 406 674 732 714 446 271 284 170 903 752 135 66 603 
216 201 436 96 263 345 223 406 534 528 277 374 644 460 86 297 208 371 354 216 752 -1 45 155 447 548 558 339 551 508 61 235 71 400 650 515 684 747 439 505 695 475 235 524 686 464 386 344 486 74 701 532 411 728 263 425 348 272 413 212 552 352 304 456 409 507 813 481 855 217 493 591 709 567 322 425 379 592 836 462 654 426 356 150 388 159 301 481 145 312 93 308 546 618 691 264 384 650 689 310 
178 156 397 136 232 300 258 362 503 555 231 369 599 438 62 256 183 325 359 173 721 45 -1 115 443 514 514 300 552 484 27 212 116 410 619 503 639 718 468 473 652 434 246 517 644 472 380 299 484 116 662 516 444 709 301 430 347 300 370 181 507 367 260 411 368 516 767 470 833 243 466 550 686 523 277 417 360 575 791 423 616 390 313 178 348 114 294 438 158 336 115 275 507 601 653 254 408 623 659 317 
63 95 281 251 128 224 374 293 497 665 152 435 511 464 80 141 99 242 445 140 709 155 115 -1 511 498 446 184 626 503 93 251 220 503 609 551 548 715 580 467 585 385 344 576 588 560 323 204 553 230 616 556 559 736 417 514 423 413 309 205 410 467 152 318 321 606 674 521 850 354 477 494 701 416 190 478 398 610 701 388 581 369 257 292 315 50 242 373 262 445 228 274 467 636 616 199 517 629 652 408 
563 451 725 414 637 492 371 494 325 362 483 75 702 186 502 595 607 521 119 406 480 447 443 511 -1 369 565 651 118 224 467 265 470 142 400 109 748 446 338 316 648 456 231 84 598 124 821 546 42 423 570 150 381 337 396 86 101 309 471 314 681 194 569 598 427 155 863 83 474 303 250 535 358 741 513 45 157 204 866 405 500 350 440 346 384 467 736 509 309 272 365 303 452 225 529 695 276 345 416 160 
513 402 559 582 580 323 620 272 46 724 371 348 377 183 545 487 587 333 438 358 211 548 514 498 369 -1 242 531 451 150 523 323 609 493 113 293 419 222 683 55 286 168 470 350 230 492 807 385 391 576 201 256 711 312 662 448 389 590 240 336 405 521 446 361 200 523 516 296 385 550 119 184 245 481 365 328 243 259 512 128 133 129 262 549 187 450 734 227 485 577 520 239 104 270 166 692 612 161 157 449 
429 361 380 626 474 222 706 153 283 889 294 520 138 390 517 367 506 206 597 342 388 558 514 446 565 242 -1 390 666 378 510 402 629 661 325 514 183 423 831 272 139 110 582 570 154 680 696 257 596 612 203 485 842 552 752 630 549 700 144 383 172 670 327 170 161 718 300 508 605 647 339 79 480 251 259 520 411 498 308 159 209 216 202 621 200 411 640 77 559 704 570 306 138 512 230 603 756 397 364 591 
123 202 97 435 106 207 558 265 546 845 175 577 406 559 256 55 163 200 606 244 733 339 300 184 651 531 390 -1 769 585 277 386 399 668 643 667 432 752 762 518 520 376 517 703 544 719 307 146 692 414 588 662 743 815 601 670 576 595 294 337 288 640 88 223 330 765 546 642 912 536 551 460 765 265 166 611 513 707 579 403 574 411 269 476 348 204 261 337 441 626 412 364 465 730 604 232 697 684 687 574 
679 569 843 506 753 609 441 607 405 336 601 192 804 276 613 713 721 637 200 524 519 551 552 626 118 451 666 769 -1 300 577 383 566 180 456 158 850 477 343 403 736 560 322 100 681 119 932 664 77 519 645 198 398 328 456 131 205 370 582 432 792 244 687 712 537 110 960 158 457 381 334 628 373 854 631 160 270 226 960 507 574 454 555 435 494 583 846 616 408 324 464 420 544 237 599 806 301 386 462 246 
535 415 635 517 609 386 526 358 104 585 411 220 516 53 529 533 600 407 310 365 271 508 484 503 224 150 378 585 300 -1 500 273 558 358 180 142 560 250 553 106 436 281 371 199 381 348 826 450 242 518 347 107 588 233 564 308 265 483 328 306 524 395 497 461 280 376 664 147 349 454 39 331 201 595 422 188 138 127 662 228 276 188 323 469 246 453 745 341 411 461 456 230 247 147 305 702 485 146 205 332 
154 149 374 157 206 293 282 357 514 581 222 392 590 455 35 235 156 317 385 174 731 61 27 93 467 523 510 277 577 500 -1 229 129 437 629 524 629 730 494 484 649 435 273 540 644 498 354 287 508 136 664 536 469 727 324 456 372 326 368 195 495 394 243 399 369 543 757 492 850 269 480 550 702 507 266 440 379 594 781 427 621 397 311 204 352 102 268 435 185 363 141 285 510 620 658 228 435 637 670 344 
299 185 465 258 373 253 308 280 303 503 225 191 522 226 260 331 349 284 228 142 520 235 212 251 265 323 402 386 383 273 229 -1 289 294 418 300 567 512 435 275 524 298 180 325 498 337 571 296 307 254 499 308 441 498 354 286 191 298 269 49 467 283 307 372 241 382 694 270 621 246 257 410 474 512 262 228 150 365 708 266 443 216 219 229 203 204 487 329 165 303 196 98 345 391 479 445 361 414 456 206 
277 273 497 62 314 417 183 478 592 498 348 402 716 507 143 362 255 442 365 287 810 71 116 220 470 609 629 399 566 558 129 289 -1 401 708 549 756 802 408 563 766 545 244 551 755 468 399 415 507 47 768 570 371 770 216 436 369 246 485 273 623 346 372 527 479 508 884 514 900 201 546 661 757 636 393 454 423 631 908 529 719 490 427 135 455 230 318 552 161 292 106 370 613 657 756 287 361 702 745 320 
563 467 753 339 631 546 262 564 451 232 518 145 793 312 472 613 590 577 66 431 620 400 410 503 142 493 661 668 180 358 437 294 401 -1 537 251 840 588 196 438 760 551 164 216 716 67 786 590 152 355 695 292 239 475 276 58 112 190 547 339 754 63 595 662 509 107 961 225 611 206 377 644 500 805 556 169 254 345 968 504 626 447 505 266 465 468 701 596 254 144 307 367 563 366 657 663 135 486 556 94 
626 514 668 675 693 435 699 381 115 762 484 400 447 230 653 600 699 444 491 469 102 650 619 609 400 113 325 643 456 180 629 418 708 537 -1 303 484 109 733 145 324 273 545 358 257 523 920 497 411 672 204 260 768 235 738 485 445 661 350 438 496 576 559 464 312 546 563 318 281 627 171 252 158 574 477 367 310 236 550 239 140 241 375 635 300 560 846 327 574 641 613 344 193 236 153 804 666 83 44 511 
596 477 731 497 671 486 472 473 246 464 493 150 653 126 558 613 650 511 224 428 375 515 503 551 109 293 514 667 158 142 524 300 549 251 303 -1 698 339 446 247 579 412 322 57 523 223 872 546 109 504 487 43 490 232 500 194 193 414 445 346 651 303 581 578 398 243 805 34 368 400 177 472 248 718 515 98 155 95 803 359 416 310 427 435 357 503 788 470 389 380 443 304 388 118 442 745 386 240 314 260 
513 483 380 764 534 341 858 290 462 1065 407 701 46 574 627 432 581 313 774 478 524 684 639 548 748 419 183 432 850 560 629 567 756 840 484 698 -1 568 1002 454 178 291 748 753 242 861 731 344 780 748 307 668 1008 718 906 811 727 862 298 539 144 844 402 230 331 901 129 692 753 806 522 235 642 186 362 703 593 678 152 343 348 398 351 771 374 527 693 243 713 871 715 476 315 690 354 663 928 562 517 765 
733 620 776 765 801 544 777 490 217 803 592 463 535 303 755 709 806 553 551 574 52 747 718 715 446 222 423 752 477 250 730 512 802 588 109 339 568 -1 785 248 397 381 621 387 329 563 1029 606 447 764 267 297 826 187 813 532 509 732 459 537 595 635 668 570 421 578 632 363 185 704 256 346 111 674 586 422 388 252 614 348 220 348 484 719 408 666 954 433 660 706 703 445 297 240 216 911 722 104 64 578 
643 575 855 349 700 683 225 716 644 90 639 336 956 506 525 711 648 714 245 551 817 439 468 580 338 683 831 762 343 553 494 435 408 196 733 446 1002 785 -1 628 940 722 257 406 901 230 805 715 342 371 884 488 63 663 202 252 294 167 704 469 901 163 703 804 671 234 1127 421 797 225 570 823 694 941 683 366 440 539 1139 679 817 623 654 289 630 558 726 760 320 137 352 526 746 558 850 695 74 683 753 240 
488 373 556 533 557 311 567 270 30 670 350 293 410 130 508 471 559 327 382 326 247 505 473 467 316 55 272 518 403 106 484 275 563 438 145 247 454 248 628 -1 333 180 416 304 281 439 783 375 340 529 256 214 655 303 608 394 333 535 239 292 424 465 431 368 194 471 558 246 394 496 69 225 247 497 351 274 188 227 556 130 188 106 248 497 169 418 707 241 435 521 471 198 141 242 222 664 556 167 186 394 
568 500 497 759 609 361 832 293 332 992 433 615 157 463 657 502 644 345 698 478 350 695 652 585 648 286 139 520 736 436 649 524 766 760 324 579 178 397 940 333 -1 226 700 636 68 769 828 394 673 747 131 542 957 559 878 721 649 820 281 511 260 777 464 296 289 803 239 580 581 770 402 116 480 331 398 605 505 540 228 261 183 317 339 749 322 551 775 214 686 819 702 426 196 548 181 739 866 406 351 700 
383 292 394 534 441 174 605 111 199 779 238 410 245 286 448 339 460 175 487 261 358 475 434 385 456 168 110 376 560 281 435 298 545 551 273 412 291 381 722 180 226 -1 476 466 210 570 670 230 489 523 231 386 735 479 651 520 438 595 82 284 243 561 297 193 66 609 410 403 553 544 241 116 414 317 217 411 302 407 418 53 201 106 127 522 95 343 603 60 459 596 476 200 89 423 234 563 647 330 317 482 
406 322 607 184 472 425 155 459 438 332 383 171 702 318 308 464 428 456 121 295 642 235 246 344 231 470 582 517 322 371 273 180 244 164 545 322 748 621 257 416 700 476 -1 314 668 228 622 459 265 196 662 351 260 553 193 192 131 121 449 212 643 123 452 547 421 271 875 288 688 82 373 584 555 684 426 224 235 413 888 439 599 385 398 115 381 314 536 509 90 123 144 276 513 438 635 498 185 517 575 76 
624 508 771 496 699 530 456 521 304 416 531 150 708 179 575 648 674 556 203 460 426 524 517 576 84 350 570 703 100 199 540 325 551 216 358 57 753 387 406 304 636 466 314 -1 580 177 893 588 64 505 544 98 454 258 480 157 184 392 494 373 702 274 618 626 448 191 862 64 394 387 234 529 289 767 556 100 190 135 861 413 473 362 472 430 406 530 807 523 390 354 446 343 445 152 499 765 350 291 366 245 
578 499 532 743 627 367 807 297 276 948 437 571 216 412 656 520 655 357 657 471 283 686 644 588 598 230 154 544 681 381 644 498 755 716 257 523 242 329 901 281 68 210 668 580 -1 721 850 409 621 732 64 485 922 492 852 675 607 790 279 491 306 738 480 324 276 753 306 527 513 742 349 94 413 381 407 556 461 479 293 232 117 283 334 727 301 550 792 216 663 784 684 400 155 485 113 755 828 340 283 662 
618 517 801 406 688 584 328 596 448 240 562 161 815 309 534 664 650 614 114 478 599 464 472 560 124 492 680 719 119 348 498 337 468 67 523 223 861 563 230 439 769 570 228 177 721 -1 850 632 115 421 694 266 282 433 339 51 145 255 576 384 785 129 643 697 534 46 980 204 567 273 374 655 467 840 598 164 268 312 984 521 623 464 538 333 490 522 764 620 318 207 372 399 572 330 653 725 182 464 537 154 
295 412 353 460 229 495 580 561 813 896 437 746 709 788 319 332 225 497 738 461 1017 386 380 323 821 807 696 307 932 826 354 571 399 786 920 872 731 1029 805 783 828 670 622 893 850 850 -1 443 863 440 891 879 764 1060 608 810 726 645 587 527 589 737 373 531 614 893 836 841 1172 597 799 763 1022 551 452 793 721 934 872 687 871 680 549 529 620 373 86 639 532 690 479 597 758 960 903 127 760 948 964 696 
175 147 185 431 217 63 539 119 402 791 75 478 307 430 283 111 249 54 524 163 587 344 299 204 546 385 257 146 664 450 287 296 415 590 497 546 344 606 715 375 394 230 459 588 409 632 443 -1 587 413 448 535 708 676 585 581 486 558 148 251 208 574 70 113 184 677 470 525 768 499 414 320 622 228 33 504 397 575 497 257 429 269 127 451 207 185 383 195 401 578 389 245 319 597 461 346 644 541 541 500 
605 493 766 449 679 532 399 532 345 355 524 117 734 210 543 637 649 560 147 448 484 486 484 553 42 391 596 692 77 242 508 307 507 152 411 109 780 447 342 340 673 489 265 64 621 115 863 587 -1 460 589 152 390 322 420 94 138 333 508 356 717 212 610 636 463 135 893 95 458 333 272 563 352 779 554 83 194 197 894 437 519 382 479 380 420 509 777 543 346 293 403 343 478 216 546 736 286 349 423 191 
290 266 511 22 337 407 150 464 557 460 342 356 707 467 160 371 280 434 318 272 774 74 116 230 423 576 612 414 519 518 136 254 47 355 672 504 748 764 371 529 747 523 196 505 732 421 440 413 460 -1 743 526 339 727 189 388 322 206 468 244 620 300 376 522 458 462 877 469 858 157 508 639 716 638 388 408 382 587 899 504 691 462 410 89 431 228 357 535 115 250 61 341 587 613 728 325 320 663 709 273 
611 523 583 752 665 400 806 331 245 926 467 550 280 384 678 559 689 394 639 490 219 701 662 616 570 201 203 588 645 347 664 499 768 695 204 487 307 267 884 256 131 231 662 544 64 694 891 448 589 743 -1 447 909 435 850 650 589 783 309 498 364 721 518 373 296 723 365 494 450 739 319 128 356 441 442 530 443 434 349 239 70 283 358 729 313 574 829 252 665 774 691 404 156 438 52 790 812 287 225 648 
597 477 720 521 672 473 504 454 210 507 487 180 623 105 568 608 655 497 261 427 332 532 516 556 150 256 485 662 198 107 536 308 570 292 260 43 668 297 488 214 542 386 351 98 485 266 879 535 152 526 447 -1 531 201 534 236 225 449 425 351 627 342 574 559 378 286 772 68 336 432 146 438 209 696 505 131 158 61 769 332 376 287 412 462 339 507 795 445 412 417 464 297 355 87 401 753 426 197 270 294 
622 564 838 317 674 681 189 719 673 141 632 367 963 538 498 694 619 712 277 546 856 411 444 559 381 711 842 743 398 588 469 441 371 239 768 490 1008 826 63 655 957 735 260 454 922 282 764 708 390 339 909 531 -1 712 156 297 323 150 710 470 901 192 690 803 681 292 1135 463 847 209 601 841 739 936 677 404 467 584 1149 696 843 640 658 266 641 542 687 770 307 138 330 536 766 604 877 659 104 722 790 261 
769 649 859 723 842 612 704 574 280 664 643 381 680 272 758 765 834 629 455 599 239 728 709 736 337 312 552 815 328 233 727 498 770 475 235 232 718 187 663 303 559 479 553 258 492 433 1060 676 322 727 435 201 712 -1 732 416 425 645 542 535 717 531 727 670 497 436 798 265 136 632 265 484 80 794 650 330 349 140 785 432 375 407 548 664 469 686 978 538 613 610 665 463 414 114 383 935 609 155 210 492 
479 437 698 167 526 568 47 616 631 291 510 354 862 511 349 557 469 598 277 429 835 263 301 417 396 662 752 601 456 564 324 354 216 276 738 500 906 813 202 608 878 651 193 480 852 339 608 585 420 189 850 534 156 732 -1 329 309 87 612 369 787 212 558 688 591 368 1034 468 869 112 567 764 742 814 557 403 428 594 1052 620 789 569 556 134 556 408 530 676 193 131 196 452 698 618 825 503 177 708 768 240 
571 468 751 375 642 532 311 544 405 277 512 110 764 265 492 615 606 562 71 428 566 425 430 514 86 448 630 670 131 308 456 286 436 58 485 194 811 532 252 394 721 520 192 157 675 51 810 581 94 388 650 236 297 416 329 -1 95 242 524 334 733 118 593 645 483 96 930 169 552 249 330 607 442 788 547 120 218 287 935 471 580 414 486 304 439 475 724 569 280 199 336 347 525 307 611 685 193 431 502 115 
479 374 656 313 551 438 278 453 350 342 417 46 680 214 407 520 517 469 49 333 535 348 347 423 101 389 549 576 205 265 372 191 369 112 445 193 727 509 294 333 649 438 131 184 607 145 726 486 138 322 589 225 323 425 309 95 -1 224 435 239 643 132 498 553 396 191 848 159 561 207 277 533 433 696 452 94 146 286 856 392 522 335 395 246 353 382 640 484 208 196 264 256 454 310 555 600 223 404 469 69 
476 414 690 185 532 532 74 572 557 255 482 269 817 431 357 546 480 563 190 396 755 272 300 413 309 590 700 595 370 483 326 298 246 190 661 414 862 732 167 535 820 595 121 392 790 255 645 558 333 206 783 449 150 645 87 242 224 -1 565 323 752 126 541 654 539 287 990 382 782 59 490 705 657 786 527 317 351 508 1005 560 720 506 511 122 500 394 563 626 157 50 185 395 635 532 755 531 115 627 688 154 
302 220 319 482 358 92 565 31 263 769 159 414 252 320 377 256 380 94 481 197 438 413 370 309 471 240 144 294 582 328 368 269 485 547 350 445 298 459 704 239 281 82 449 494 279 576 587 148 508 468 309 425 710 542 612 524 435 565 -1 243 210 547 215 133 47 617 425 430 626 510 289 185 483 272 135 426 314 456 440 112 283 139 58 479 88 271 522 67 418 573 427 180 171 475 316 482 630 400 394 469 
250 136 416 253 325 213 322 249 322 542 179 240 495 262 223 281 304 245 274 93 540 212 181 205 314 336 383 337 432 306 195 49 273 339 438 346 539 537 469 292 511 284 212 373 491 384 527 251 356 244 498 351 470 535 369 334 239 323 243 -1 431 323 258 335 222 430 668 317 655 267 285 399 507 473 218 277 193 406 684 260 447 217 188 238 190 157 444 307 176 334 193 97 343 432 484 401 397 442 478 248 
371 353 242 637 390 219 740 189 441 971 278 624 120 525 490 288 438 189 687 357 560 552 507 410 681 405 172 288 792 524 495 467 623 754 496 651 144 595 901 424 260 243 643 702 306 785 589 208 717 620 364 627 901 717 787 733 643 752 210 431 -1 749 261 98 254 827 265 638 777 694 484 251 648 78 231 636 524 650 294 295 380 340 249 652 297 393 549 183 597 766 592 386 304 667 399 519 828 564 536 672 
529 442 728 283 595 535 198 561 482 221 500 175 798 346 429 586 550 566 84 412 664 352 367 467 194 521 670 640 244 395 394 283 346 63 576 303 844 635 163 465 777 561 123 274 738 129 737 574 212 300 721 342 192 531 212 118 132 126 547 323 749 -1 572 655 513 164 968 274 668 146 410 660 551 795 541 212 278 398 978 517 654 460 501 211 470 436 652 601 209 81 258 368 583 420 687 616 90 531 598 78 
110 129 158 396 147 124 512 188 459 784 87 497 369 471 232 41 182 124 531 165 651 304 260 152 569 446 327 88 687 497 243 307 372 595 559 581 402 668 703 431 464 297 452 618 480 643 373 70 610 376 518 574 690 727 558 593 498 541 215 258 261 572 -1 175 246 689 526 556 825 481 463 390 678 264 81 528 428 619 555 320 498 324 184 427 262 149 312 266 383 566 362 277 386 642 530 275 635 598 603 502 
285 255 211 540 316 122 641 105 390 876 180 537 194 453 397 209 357 91 596 259 542 456 411 318 598 361 170 223 712 461 399 372 527 662 464 578 230 570 804 368 296 193 547 626 324 697 531 113 636 522 373 559 803 670 688 645 553 654 133 335 98 655 175 -1 180 740 357 562 745 596 421 246 607 143 134 553 442 588 383 238 370 272 158 553 220 297 480 137 499 669 494 297 273 607 396 447 732 523 507 578 
323 227 362 470 385 122 544 77 219 734 178 373 285 273 382 288 400 133 443 195 404 409 368 321 427 200 161 330 537 280 369 241 479 509 312 398 331 421 671 194 289 66 421 448 276 534 614 184 463 458 296 378 681 497 591 483 396 539 47 222 254 513 246 180 -1 575 455 384 584 485 241 182 439 319 165 382 270 408 467 73 260 92 65 460 43 278 545 88 398 543 412 145 146 428 295 504 597 357 356 434 
664 563 847 446 734 628 361 638 478 227 608 203 854 341 579 710 695 658 160 524 617 507 516 606 155 523 718 765 110 376 543 382 508 107 546 243 901 578 234 471 803 609 271 191 753 46 893 677 135 462 723 286 292 436 368 96 191 287 617 430 827 164 689 740 575 -1 1017 229 567 311 404 691 477 883 643 199 307 326 1021 559 653 502 581 373 531 568 808 660 361 238 415 442 607 340 681 770 200 482 557 199 
636 611 483 893 651 470 987 419 562 1189 535 820 172 684 753 553 702 442 896 607 584 813 767 674 863 516 300 546 960 664 757 694 884 961 563 805 129 632 1127 558 239 410 875 862 306 980 836 470 893 877 365 772 1135 798 1034 930 848 990 425 668 265 968 526 357 455 1017 -1 802 815 935 627 333 719 285 490 818 711 775 41 459 422 515 479 900 497 654 805 367 841 998 844 601 417 784 417 778 1053 645 589 889 
567 449 708 463 642 466 438 456 250 444 469 116 646 118 525 587 620 492 193 401 396 481 470 521 83 296 508 642 158 147 492 270 514 225 318 34 692 363 421 246 580 403 288 64 527 204 841 525 95 469 494 68 463 265 468 169 159 382 430 317 638 274 556 562 384 229 802 -1 401 367 177 470 277 703 493 65 128 126 802 350 423 298 408 401 342 474 756 459 354 349 408 280 386 150 451 714 358 261 333 227 
878 760 945 855 949 705 840 657 366 794 744 517 720 395 879 865 946 717 592 711 231 855 833 850 474 385 605 912 457 349 850 621 900 611 281 368 753 185 797 394 581 553 688 394 513 567 1172 768 458 858 450 336 847 136 869 552 561 782 626 655 777 668 825 745 584 567 815 401 -1 768 373 530 149 856 745 466 477 275 794 513 405 500 642 798 563 800 1093 608 746 747 796 576 475 250 400 1050 745 227 241 629 
417 354 630 138 475 474 72 516 519 311 423 251 762 401 301 486 424 504 185 337 724 217 243 354 303 550 647 536 381 454 269 246 201 206 627 400 806 704 225 496 770 544 82 387 742 273 597 499 333 157 739 432 209 632 112 249 207 59 510 267 694 146 481 596 485 311 935 367 768 -1 456 655 637 727 468 302 317 493 951 511 678 458 455 68 449 334 514 572 98 94 127 344 588 517 714 480 166 599 658 142 
506 387 598 509 579 350 528 319 74 608 378 235 477 65 508 500 573 369 325 338 269 493 466 477 250 119 339 551 334 39 480 257 546 377 171 177 522 256 570 69 402 241 373 234 349 374 799 414 272 508 319 146 601 265 567 330 277 490 289 285 484 410 463 421 241 404 627 177 373 456 -1 294 223 556 386 210 139 167 626 188 249 149 286 466 208 427 719 301 405 471 447 202 210 186 280 676 500 157 203 342 
486 404 457 651 537 275 718 205 229 876 344 499 196 352 561 431 563 266 582 376 309 591 550 494 535 184 79 460 628 331 550 410 661 644 252 472 235 346 823 225 116 116 584 529 94 655 763 320 563 639 128 438 841 484 764 607 533 705 185 399 251 660 390 246 182 691 333 470 530 655 294 -1 409 330 316 491 389 444 331 145 129 200 239 637 209 455 702 124 573 702 592 311 84 455 151 664 749 328 289 583 
728 610 802 714 800 559 710 515 220 705 596 388 604 250 730 717 797 573 470 561 162 709 686 701 358 245 480 765 373 201 702 474 757 500 158 248 642 111 694 247 480 414 555 289 413 467 1022 622 352 716 356 209 739 80 742 442 433 657 483 507 648 551 678 607 439 477 719 277 149 637 223 409 -1 725 598 341 334 154 705 371 297 353 495 661 416 651 943 472 606 627 654 426 343 137 303 900 635 84 130 502 
368 376 198 657 372 259 767 247 516 1015 304 680 179 592 496 281 426 228 738 390 639 567 523 416 741 481 251 265 854 595 507 512 636 805 574 718 186 674 941 497 331 317 684 767 381 840 551 228 779 638 441 696 936 794 814 788 696 786 272 473 78 795 264 143 319 883 285 703 856 727 556 330 725 -1 259 696 585 722 321 367 459 409 302 680 361 409 520 256 629 805 618 441 382 740 477 495 869 641 614 719 
171 121 215 406 223 43 510 110 379 759 46 445 323 400 266 122 248 52 490 131 570 322 277 190 513 365 259 166 631 422 266 262 393 556 477 515 362 586 683 351 398 217 426 556 407 598 452 33 554 388 442 505 677 650 557 547 452 527 135 218 231 541 81 134 165 643 490 493 745 468 386 316 598 259 -1 471 365 546 515 239 418 244 103 422 182 164 387 191 370 546 361 212 306 568 451 348 612 518 522 466 
527 413 683 401 602 449 373 449 285 398 442 52 656 145 475 556 575 477 130 367 452 425 417 478 45 328 520 611 160 188 440 228 454 169 367 98 703 422 366 274 605 411 224 100 556 164 793 504 83 408 530 131 404 330 403 120 94 317 426 277 636 212 528 553 382 199 818 65 466 302 210 491 341 696 471 -1 111 191 822 360 460 304 396 337 338 432 707 464 293 286 348 260 408 216 490 666 300 318 387 162 
441 322 580 381 516 340 390 337 207 487 340 109 547 85 411 459 497 367 195 273 407 379 360 398 157 243 411 513 270 138 379 150 423 254 310 155 593 388 440 188 505 302 235 190 461 268 721 397 194 382 443 158 467 349 428 218 146 351 314 193 524 278 428 442 270 307 711 128 477 317 139 389 334 585 365 111 -1 215 716 252 376 195 285 331 226 350 637 353 273 334 320 152 309 241 410 594 368 285 340 205 
648 528 760 583 723 512 564 486 215 551 532 242 635 148 626 654 709 534 319 478 293 592 575 610 204 259 498 707 226 127 594 365 631 345 236 95 678 252 539 227 540 407 413 135 479 312 934 575 197 587 434 61 584 140 594 287 286 508 456 406 650 398 619 588 408 326 775 126 275 493 167 444 154 722 546 191 215 -1 769 355 365 316 449 524 373 561 851 467 474 475 526 345 363 26 385 808 480 161 237 354 
665 634 519 915 684 491 1005 437 558 1198 559 826 192 684 780 583 732 465 905 628 564 836 791 701 866 512 308 579 960 662 781 708 908 968 550 803 152 614 1139 556 228 418 888 861 293 984 872 497 894 899 349 769 1149 785 1052 935 856 1005 440 684 294 978 555 383 467 1021 41 802 794 951 626 331 705 321 515 822 716 769 -1 464 410 521 496 919 508 679 839 379 859 1011 864 613 416 776 401 811 1064 633 575 900 
395 292 432 513 458 196 575 144 152 734 250 361 297 233 444 361 471 205 441 254 331 462 423 388 405 128 159 403 507 228 427 266 529 504 239 359 343 348 679 130 261 53 439 413 232 521 687 257 437 504 239 332 696 432 620 471 392 560 112 260 295 517 320 238 73 559 459 350 513 511 188 145 371 367 239 360 252 355 464 -1 194 57 138 494 74 342 616 112 430 557 453 168 83 372 230 575 605 287 283 439 
583 486 581 699 642 375 746 310 175 857 438 481 314 315 639 540 660 375 571 449 180 654 616 581 500 133 209 574 574 276 621 443 719 626 140 416 348 220 817 188 183 201 599 473 117 623 871 429 519 691 70 376 843 375 789 580 522 720 283 447 380 654 498 370 260 653 422 423 405 678 249 129 297 459 418 460 376 365 410 194 -1 229 326 672 269 536 804 237 608 709 637 350 113 370 36 764 745 223 169 582 
385 273 451 470 453 205 524 170 135 677 245 304 352 184 417 364 458 222 384 230 340 426 390 369 350 129 216 411 454 188 397 216 490 447 241 310 398 348 623 106 317 106 385 362 283 464 680 269 382 462 283 287 640 407 569 414 335 506 139 217 340 460 324 272 92 502 515 298 500 458 149 200 353 409 244 304 195 316 521 57 229 -1 141 446 62 321 605 161 382 502 408 121 129 335 266 563 549 273 284 383 
257 165 311 424 320 63 509 61 276 722 112 378 306 306 322 224 334 84 438 139 469 356 313 257 440 262 202 269 555 323 311 219 427 505 375 427 351 484 654 248 339 127 398 472 334 538 549 127 479 410 358 412 658 548 556 486 395 511 58 188 249 501 184 158 65 581 479 408 642 455 286 239 495 302 103 396 285 449 496 138 326 141 -1 422 79 216 479 125 362 521 369 138 212 471 360 438 581 414 419 423 
355 304 572 72 411 433 87 481 523 377 376 285 728 417 235 429 358 463 235 294 735 150 178 292 346 549 621 476 435 469 204 229 135 266 635 435 771 719 289 497 749 522 115 430 727 333 529 451 380 89 729 462 266 664 134 304 246 122 479 238 652 211 427 553 460 373 900 401 798 68 466 637 661 680 422 337 331 524 919 494 672 446 422 -1 427 277 446 544 64 162 64 326 575 550 708 412 234 616 669 190 
326 219 390 442 392 143 510 115 197 691 184 329 328 234 369 302 401 161 400 180 397 388 348 315 384 187 200 348 494 246 352 203 455 465 300 357 374 408 630 169 322 95 381 406 301 490 620 207 420 431 313 339 641 469 556 439 353 500 88 190 297 470 262 220 43 531 497 342 563 449 208 209 416 361 182 338 226 373 508 74 269 62 79 427 -1 268 547 131 364 503 382 105 158 394 305 505 556 336 344 392 
96 51 296 248 169 192 363 258 448 641 120 391 488 414 106 152 148 214 408 91 661 159 114 50 467 450 411 204 583 453 102 204 230 468 560 503 527 666 558 418 551 343 314 530 550 522 373 185 509 228 574 507 542 686 408 475 382 394 271 157 393 436 149 297 278 568 654 474 800 334 427 455 651 409 164 432 350 561 679 342 536 321 216 277 268 -1 292 337 238 422 213 224 423 586 572 249 493 579 603 373 
221 334 326 378 165 429 501 498 737 816 367 661 667 706 233 273 147 435 652 382 945 301 294 242 736 734 640 261 846 745 268 487 318 701 846 788 693 954 726 707 775 603 536 807 792 764 86 383 777 357 829 795 687 978 530 724 640 563 522 444 549 652 312 480 545 808 805 756 1093 514 719 702 943 520 387 707 637 851 839 616 804 605 479 446 547 292 -1 577 446 607 394 517 691 877 838 43 678 870 890 610 
362 286 345 549 412 151 629 81 259 822 221 458 196 344 443 307 439 141 531 265 406 481 438 373 509 227 77 337 616 341 435 329 552 596 327 470 243 433 760 241 214 60 509 523 216 620 639 195 543 535 252 445 770 538 676 569 484 626 67 307 183 601 266 137 88 660 367 459 608 572 301 124 472 256 191 464 353 467 379 112 237 161 125 544 131 337 577 -1 483 631 493 234 135 484 267 539 686 388 370 523 
325 256 534 109 387 377 146 422 461 403 325 241 668 359 220 391 341 408 209 240 674 145 158 262 309 485 559 441 408 411 185 165 161 254 574 389 713 660 320 435 686 459 90 390 663 318 532 401 346 115 665 412 307 613 193 280 208 157 418 176 597 209 383 499 398 361 841 354 746 98 405 573 606 629 370 293 273 474 859 430 608 382 362 64 364 238 446 483 -1 184 56 262 511 500 644 408 255 557 608 165 
509 438 719 230 569 547 124 583 541 219 502 242 825 410 395 575 518 579 156 415 732 312 336 445 272 577 704 626 324 461 363 303 292 144 641 380 871 706 137 521 819 596 123 354 784 207 690 578 293 250 774 417 138 610 131 199 196 50 573 334 766 81 566 669 543 238 998 349 747 94 471 702 627 805 546 286 334 475 1011 557 709 502 521 162 503 422 607 631 184 -1 221 397 629 498 743 574 72 601 666 129 
291 241 507 62 348 375 150 427 498 439 315 296 672 405 174 364 297 404 265 236 714 93 115 228 365 520 570 412 464 456 141 196 106 307 613 443 715 703 352 471 702 476 144 446 684 372 479 389 403 61 691 464 330 665 196 336 264 185 427 193 592 258 362 494 412 415 844 408 796 127 447 592 654 618 361 348 320 526 864 453 637 408 369 64 382 213 394 493 56 221 -1 287 535 552 674 358 293 602 649 220 
305 185 427 348 379 189 407 197 228 589 189 239 430 196 310 310 371 217 301 135 446 308 275 274 303 239 306 364 420 230 285 98 370 367 344 304 476 445 526 198 426 200 276 343 400 399 597 245 343 341 404 297 536 463 452 347 256 395 180 97 386 368 277 297 145 442 601 280 576 344 202 311 426 441 212 260 152 345 613 168 350 121 138 326 105 224 517 234 262 397 287 -1 248 369 387 474 451 355 385 289 
470 373 480 596 529 263 653 200 147 796 324 418 272 268 526 428 546 264 503 337 271 546 507 467 452 104 138 465 544 247 510 345 613 563 193 388 315 297 746 141 196 89 513 445 155 572 758 319 478 587 156 355 766 414 698 525 454 635 171 343 304 583 386 273 146 607 417 386 475 588 210 84 343 382 306 408 309 363 416 83 113 129 212 575 158 423 691 135 511 629 535 248 -1 375 149 650 673 259 235 507 
673 553 782 609 748 534 589 505 228 567 555 266 647 173 652 678 735 555 342 503 284 618 601 636 225 270 512 730 237 147 620 391 657 366 236 118 690 240 558 242 548 423 438 152 485 330 960 597 216 613 438 87 604 114 618 307 310 532 475 432 667 420 642 607 428 340 784 150 250 517 186 455 137 740 568 216 241 26 776 372 370 335 471 550 394 586 877 484 500 498 552 369 375 -1 388 834 501 157 232 378 
617 522 608 736 675 408 782 342 206 888 472 514 323 345 675 571 695 406 604 485 170 691 653 616 529 166 230 604 599 305 658 479 756 657 153 442 354 216 850 222 181 234 635 499 113 653 903 461 546 728 52 401 877 383 825 611 555 755 316 484 399 687 530 396 295 681 417 451 400 714 280 151 303 477 451 490 410 385 401 230 36 266 360 708 305 572 838 267 644 743 674 387 149 388 -1 798 778 236 173 616 
180 291 305 346 130 390 471 459 694 785 326 619 636 663 192 237 104 398 613 339 903 264 254 199 695 692 603 232 806 702 228 445 287 663 804 745 663 911 695 664 739 563 498 765 755 725 127 346 736 325 790 753 659 935 503 685 600 531 482 401 519 616 275 447 504 770 778 714 1050 480 676 664 900 495 348 666 594 808 811 575 764 563 438 412 505 249 43 539 408 574 358 474 650 834 798 -1 645 828 848 571 
580 506 789 300 641 611 185 642 573 148 569 266 882 437 468 645 591 642 175 481 752 384 408 517 276 612 756 697 301 485 435 361 361 135 666 386 928 722 74 556 866 647 185 350 828 182 760 644 286 320 812 426 104 609 177 193 223 115 630 397 828 90 635 732 597 200 1053 358 745 166 500 749 635 869 612 300 368 480 1064 605 745 549 581 234 556 493 678 686 255 72 293 451 673 501 778 645 -1 618 687 166 
653 537 719 664 724 477 672 432 138 704 517 358 524 199 664 638 724 491 447 489 135 650 623 629 345 161 397 684 386 146 637 414 702 486 83 240 562 104 683 167 406 330 517 291 340 464 948 541 349 663 287 197 722 155 708 431 404 627 400 442 564 531 598 523 357 482 645 261 227 599 157 328 84 641 518 318 285 161 633 287 223 273 414 616 336 579 870 388 557 601 602 355 259 157 236 828 618 -1 75 473 
669 557 712 711 737 479 730 425 156 777 528 424 481 257 694 644 743 488 514 512 66 689 659 652 416 157 364 687 462 205 670 456 745 556 44 314 517 64 753 186 351 317 575 366 283 537 964 541 423 709 225 270 790 210 768 502 469 688 394 478 536 598 603 507 356 557 589 333 241 658 203 289 130 614 522 387 340 237 575 283 169 284 419 669 344 603 890 370 608 666 649 385 235 232 173 848 687 75 -1 537 
468 373 660 260 537 459 211 483 412 300 427 115 719 280 380 519 496 490 45 339 603 310 317 408 160 449 591 574 246 332 344 206 320 94 511 260 765 578 240 394 700 482 76 245 662 154 696 500 191 273 648 294 261 492 240 115 69 154 469 248 672 78 502 578 434 199 889 227 629 142 342 583 502 719 466 162 205 354 900 439 582 383 423 190 392 373 610 523 165 129 220 289 507 378 616 571 166 473 537 -1 
