100
-1 398 313 374 136 364 358 479 547 299 238 216 250 578 292 322 316 334 495 305 521 343 575 88 175 465 345 456 373 455 431 243 416 508 398 187 542 655 165 382 193 356 447 136 438 362 336 507 217 440 458 340 495 415 244 35 400 428 179 511 387 432 378 445 339 213 183 385 121 322 366 435 314 373 540 97 276 99 397 405 272 205 249 253 473 244 93 181 466 570 456 373 140 221 334 668 301 145 369 223 
398 -1 127 751 478 121 756 869 926 168 175 185 528 974 617 638 396 304 893 192 666 739 970 310 423 630 434 622 188 833 564 641 746 601 519 265 234 853 559 364 432 398 802 498 741 146 671 733 513 381 777 630 692 756 639 367 509 799 550 901 759 425 262 193 248 603 577 685 286 91 449 259 379 460 835 474 147 493 132 762 316 465 647 219 854 241 466 466 176 968 654 766 283 270 106 1066 655 305 57 401 
313 127 -1 641 369 199 662 764 859 200 76 104 405 874 572 597 269 342 800 67 684 657 888 233 303 640 452 495 260 766 580 553 625 632 535 149 355 860 479 408 401 427 748 433 708 219 624 727 473 441 739 598 564 637 542 289 384 687 443 825 695 473 324 294 296 503 480 652 192 40 324 343 397 482 807 402 156 413 226 645 188 343 554 93 745 115 364 425 288 879 655 665 234 262 163 972 599 265 73 276 
374 751 641 -1 273 737 146 132 428 673 577 566 270 251 439 462 476 697 224 603 760 235 358 458 347 704 668 420 748 372 703 201 146 785 688 492 916 818 279 733 501 695 440 368 537 736 433 679 457 792 523 506 396 117 152 410 465 56 202 351 360 771 748 819 710 164 198 515 467 664 482 807 656 688 614 352 647 313 770 74 502 315 171 554 103 535 289 461 840 309 672 88 515 592 704 367 385 516 711 395 
136 478 369 273 -1 472 307 396 554 414 304 294 120 507 373 403 256 468 442 335 643 329 548 200 96 585 481 338 493 468 558 220 286 638 529 220 654 760 191 518 322 493 486 225 514 475 402 610 325 575 524 432 367 288 187 167 307 321 75 500 412 569 507 561 467 143 132 469 197 391 290 561 451 508 613 185 382 154 506 286 251 95 208 284 376 266 49 300 578 526 570 299 265 352 438 611 357 277 437 157 
364 121 199 737 472 -1 718 844 855 72 201 191 546 941 534 552 456 186 851 265 549 687 914 278 439 516 319 677 67 765 449 599 755 482 403 289 182 739 510 244 346 281 722 436 647 25 589 624 430 260 686 538 742 760 608 330 572 789 536 839 689 304 141 98 128 578 548 592 276 159 514 145 266 344 736 422 90 449 34 759 372 483 611 269 837 289 448 386 106 920 544 737 228 181 39 1023 580 239 158 434 
358 756 662 146 307 718 -1 148 288 649 590 572 357 223 323 341 552 643 137 637 645 93 245 447 399 591 588 543 716 227 600 120 291 680 593 518 889 683 212 667 430 622 295 299 401 712 306 550 367 725 382 387 530 263 121 391 567 185 233 215 217 695 702 789 667 163 182 387 472 677 571 763 587 604 472 300 632 269 749 220 557 381 109 585 175 570 298 384 816 219 553 60 490 553 691 310 262 482 724 458 
479 869 764 132 396 844 148 -1 360 777 697 683 403 119 471 487 609 783 124 730 791 233 258 567 476 738 735 542 848 330 748 260 249 828 741 616 1020 816 352 812 574 768 415 441 536 841 449 690 515 870 512 533 509 218 236 514 596 117 321 278 346 842 841 921 804 266 296 528 583 785 614 901 732 752 596 436 756 401 876 177 633 446 239 680 55 662 403 530 945 196 698 108 617 688 814 237 407 614 832 527 
547 926 859 428 554 855 288 360 -1 783 783 757 631 322 329 320 811 723 238 852 566 227 138 626 650 529 621 829 831 92 570 334 575 633 585 733 998 520 384 721 512 666 149 428 284 841 275 434 427 770 240 353 819 545 379 570 844 453 492 81 166 723 792 900 766 421 423 314 668 863 840 852 645 622 290 456 783 449 880 501 799 643 351 800 412 789 527 469 934 206 479 340 642 674 838 294 275 621 908 711 
299 168 200 673 414 72 649 777 783 -1 175 155 497 872 463 482 430 143 781 258 500 615 842 215 391 462 267 645 80 692 397 529 699 439 352 251 243 686 439 209 275 234 651 364 579 63 518 565 359 240 618 469 706 703 541 263 547 726 474 767 617 273 126 147 95 512 481 524 223 167 490 159 212 294 670 351 47 379 100 699 348 435 542 248 772 265 385 314 167 849 486 670 159 110 62 953 508 168 186 395 
238 175 76 577 304 201 590 697 783 175 -1 31 355 804 497 523 256 304 728 95 627 582 813 157 249 580 399 476 249 690 523 479 572 581 480 92 377 798 403 370 331 380 672 357 635 214 549 661 400 410 665 526 541 581 470 212 373 624 376 749 619 435 301 300 266 433 408 579 118 87 316 332 346 430 735 326 128 337 234 586 173 292 481 72 680 89 294 352 304 805 592 596 163 207 162 900 523 195 134 235 
216 185 104 566 294 191 572 683 757 155 31 -1 356 789 468 493 275 277 709 127 595 560 791 131 249 548 369 490 233 665 492 459 569 551 449 98 372 766 380 343 299 351 644 330 605 202 520 629 369 385 635 495 552 577 454 188 391 615 364 726 593 408 279 289 243 418 391 548 100 106 335 314 316 400 704 301 110 314 225 580 193 293 463 98 669 112 280 322 297 786 560 580 131 176 153 882 495 163 153 243 
250 528 405 270 120 546 357 403 631 497 355 356 -1 522 488 518 205 571 479 354 763 404 601 295 107 706 596 220 577 551 678 302 220 757 647 263 728 878 299 625 441 605 583 344 626 553 513 728 445 681 632 549 247 235 252 276 212 302 145 568 505 679 603 641 563 211 217 583 274 436 215 652 563 624 723 305 458 272 580 251 240 63 281 312 368 290 170 420 652 566 690 329 364 452 509 636 466 382 479 133 
578 974 874 251 507 941 223 119 322 872 804 789 522 -1 517 527 727 864 108 843 825 280 192 667 591 776 801 658 940 325 797 343 363 873 796 727 1112 823 435 886 648 838 418 521 553 935 485 711 580 943 520 573 621 332 335 612 715 233 432 246 365 909 925 1013 890 371 397 557 688 892 733 986 805 814 594 523 854 492 972 293 749 564 330 792 165 774 510 602 1039 119 732 208 713 776 913 120 451 705 939 644 
292 617 572 439 373 534 323 471 329 463 497 468 488 517 -1 30 605 394 410 582 322 240 417 346 452 268 297 708 504 245 279 239 556 358 279 473 670 394 191 394 188 340 188 156 145 518 55 247 103 446 168 67 728 538 296 299 677 492 350 333 172 403 463 573 438 311 286 95 398 567 652 523 316 304 247 198 470 220 556 506 565 467 270 533 497 529 326 150 608 449 232 377 340 353 521 558 66 312 608 508 
322 638 597 462 403 552 341 487 320 482 523 493 518 527 30 -1 635 405 419 609 304 254 417 373 482 251 300 738 519 241 269 263 582 345 274 501 682 366 220 400 207 345 175 186 115 535 46 220 125 450 141 45 757 563 322 328 708 513 380 332 172 405 474 587 451 339 315 65 425 590 682 534 325 304 218 228 491 250 573 530 594 497 295 561 516 557 356 173 622 453 212 396 364 372 541 562 79 336 631 538 
316 396 269 476 256 456 552 609 811 430 256 275 205 727 605 635 -1 546 680 203 823 585 796 300 161 769 616 226 506 724 725 476 409 795 686 185 624 970 441 611 496 609 739 449 751 471 644 822 533 657 767 656 296 430 437 320 116 506 321 755 667 674 554 554 518 393 387 700 250 309 60 589 569 647 853 407 384 390 487 453 83 170 462 186 573 167 290 494 554 766 767 531 356 434 416 840 603 386 339 100 
334 304 342 697 468 186 643 783 723 143 304 277 571 864 394 405 546 -1 764 395 362 590 802 275 473 330 134 747 129 638 262 524 751 297 217 361 277 552 432 66 218 94 580 343 485 162 448 442 298 112 528 381 801 748 551 301 659 753 512 721 563 131 69 185 58 532 498 433 307 311 607 129 86 157 566 347 186 385 193 736 468 514 544 375 788 388 428 264 223 822 361 675 207 119 199 930 451 190 329 492 
495 893 800 224 442 851 137 124 238 781 728 709 479 108 410 419 680 764 -1 775 717 175 136 583 533 668 696 644 846 223 689 252 362 765 689 656 1019 720 341 783 547 734 314 423 447 844 377 604 476 839 415 464 620 331 258 527 685 231 367 157 258 804 827 919 793 299 320 449 610 815 695 888 702 708 493 430 767 403 882 287 692 511 246 723 179 707 436 501 947 86 624 150 623 682 825 172 343 613 862 590 
305 192 67 603 335 265 637 730 852 258 95 127 354 843 582 609 203 395 775 -1 723 641 870 236 258 676 495 429 323 760 619 534 575 676 576 120 423 893 468 461 423 475 749 435 723 284 631 755 488 498 750 615 499 589 516 286 317 645 410 812 692 526 384 361 353 475 455 667 186 108 257 407 442 526 823 399 211 403 293 601 125 295 532 52 706 68 339 441 356 856 687 635 255 302 227 945 602 288 136 221 
521 666 684 760 643 549 645 791 566 500 627 595 763 825 322 304 823 362 717 723 -1 558 690 523 697 57 233 977 489 513 103 559 870 87 149 649 600 193 495 310 329 268 423 423 283 525 342 140 320 322 326 258 1010 854 614 507 919 814 644 606 460 264 417 530 420 621 592 268 575 660 879 454 288 205 302 459 534 496 553 825 759 725 590 689 820 695 593 342 569 739 92 699 475 421 560 845 383 442 685 740 
343 739 657 235 329 687 93 233 227 615 582 560 404 280 240 254 585 590 175 641 558 -1 231 429 425 505 521 607 676 149 520 109 376 598 516 521 849 589 180 607 372 558 205 252 308 678 216 458 300 664 289 300 603 350 152 372 617 278 265 172 125 629 654 749 621 194 197 295 464 666 612 715 526 533 379 266 605 245 716 309 577 416 124 589 267 576 306 326 779 234 465 153 461 513 663 340 175 447 713 486 
575 970 888 358 548 914 245 258 138 842 813 791 601 192 417 417 796 802 136 870 690 231 -1 661 642 648 715 777 898 178 682 336 499 751 691 750 1070 658 411 810 585 757 267 477 408 903 371 563 504 863 367 457 755 467 361 603 811 368 476 85 245 821 869 971 839 404 418 427 695 898 816 930 731 721 427 495 834 477 941 423 799 626 340 818 314 804 532 539 1002 72 600 277 690 736 892 157 354 674 944 701 
88 310 233 458 200 278 447 567 626 215 157 131 295 667 346 373 300 275 583 236 523 429 661 -1 198 470 319 477 293 533 424 331 486 495 386 132 458 676 249 332 199 318 515 200 487 278 395 532 253 386 514 381 527 488 332 57 402 510 258 594 462 389 308 363 268 300 270 432 54 237 357 361 277 349 588 169 189 183 311 483 237 238 338 188 558 185 169 208 382 658 471 461 68 156 247 756 367 90 284 225 
175 423 303 347 96 439 399 476 650 391 249 249 107 591 452 482 161 473 533 258 697 425 642 198 -1 641 512 282 472 563 605 316 323 681 571 157 621 829 280 531 368 515 578 297 596 447 487 680 390 585 610 507 329 334 281 192 227 387 166 596 506 588 500 535 460 237 227 548 170 332 200 548 473 541 697 255 352 233 473 343 158 43 303 211 449 191 129 357 545 617 632 386 266 354 402 699 444 288 375 61 
465 630 640 704 585 516 591 738 529 462 580 548 706 776 268 251 769 330 668 676 57 505 648 470 641 -1 196 920 459 470 69 503 812 104 113 598 583 223 437 285 274 237 382 365 245 493 291 125 262 307 290 205 953 797 557 451 864 758 587 563 413 249 390 506 388 564 534 221 523 617 825 433 250 173 282 401 493 438 523 768 707 668 534 640 765 645 535 285 545 694 51 645 425 377 523 801 330 392 646 685 
345 434 452 668 481 319 588 735 621 267 399 369 596 801 297 300 616 134 696 495 233 521 715 319 512 196 -1 794 264 541 130 476 747 181 84 434 402 419 389 103 167 47 473 300 364 296 346 307 221 149 408 268 839 738 516 321 721 724 506 631 470 107 199 317 193 508 474 315 366 427 675 249 55 31 437 320 301 360 328 719 545 547 502 465 749 474 433 207 355 744 226 630 260 192 327 853 361 230 452 544 
456 622 495 420 338 677 543 542 829 645 476 490 220 658 708 738 226 747 644 429 977 607 777 477 282 920 794 -1 723 756 887 513 296 964 853 393 849 1098 519 808 649 796 797 563 846 691 733 948 662 859 850 769 75 326 457 475 118 425 362 758 717 867 765 776 726 421 433 803 439 534 176 805 755 824 942 523 600 491 709 365 307 251 488 410 492 389 387 634 778 729 907 500 543 629 638 777 685 568 565 254 
373 188 260 748 493 67 716 848 831 80 249 233 577 940 504 519 506 129 846 323 489 676 898 293 472 459 264 723 -1 742 391 596 779 419 346 330 172 681 504 181 318 223 693 424 608 43 560 572 403 193 649 501 785 781 612 338 623 801 550 821 667 239 75 73 72 585 553 554 303 222 565 83 214 286 693 416 123 447 63 776 423 515 611 321 845 339 462 362 103 911 491 740 232 163 97 1016 556 234 225 474 
455 833 766 372 468 765 227 330 92 692 690 665 551 325 245 241 724 638 223 760 513 149 178 533 563 470 541 756 742 -1 503 250 518 572 513 641 911 498 293 639 424 585 93 336 232 752 195 390 340 691 196 279 751 490 300 478 763 406 409 93 75 646 706 813 679 340 338 248 576 770 756 767 562 546 270 364 691 357 790 447 709 559 270 708 378 698 438 380 846 227 422 285 550 584 747 331 186 529 815 624 
431 564 580 703 558 449 600 748 570 397 523 492 678 797 279 269 725 262 689 619 103 520 682 424 605 69 130 887 391 503 -1 502 801 82 45 549 514 290 428 215 237 168 421 347 290 425 314 192 247 238 337 226 925 788 552 413 824 758 568 596 440 181 321 437 320 554 522 256 476 556 782 363 185 104 341 379 431 418 455 762 659 636 532 586 771 593 508 259 476 722 111 650 373 317 458 831 345 341 582 645 
243 641 553 201 220 599 120 260 334 529 479 459 302 343 239 263 476 524 252 534 559 109 336 331 316 503 476 513 596 250 502 -1 319 584 489 414 769 626 92 551 314 508 283 181 350 593 240 483 259 610 345 306 518 299 60 274 513 255 159 281 203 582 583 669 547 92 88 321 361 565 506 644 471 494 438 180 514 150 630 266 468 309 31 482 272 468 197 270 696 326 471 153 371 433 573 425 191 362 612 377 
416 746 625 146 286 755 291 249 575 699 572 569 220 363 556 582 409 751 362 575 870 376 499 486 323 812 747 296 779 518 801 319 -1 883 780 480 937 945 375 797 580 766 581 454 668 759 559 802 553 855 658 623 259 31 259 450 367 132 241 497 500 843 793 846 753 248 278 640 478 655 398 847 725 771 751 427 665 387 789 75 457 281 287 532 198 511 323 546 861 443 785 235 551 637 719 483 510 561 698 353 
508 601 632 785 638 482 680 828 633 439 581 551 757 873 358 345 795 297 765 676 87 598 751 495 681 104 181 964 419 572 82 584 883 -1 110 615 518 276 510 238 315 205 486 429 350 457 389 222 330 241 395 300 1003 871 634 488 897 840 650 666 513 184 344 453 353 636 604 323 544 604 853 376 234 151 383 460 478 499 482 845 725 713 614 647 853 656 588 340 492 795 155 732 439 374 497 902 423 408 626 719 
398 519 535 688 529 403 593 741 585 352 480 449 647 796 279 274 686 217 689 576 149 516 691 386 571 113 84 853 346 513 45 489 780 110 -1 508 474 335 410 173 206 124 435 325 312 380 320 230 230 202 358 233 894 769 536 378 787 744 543 605 446 146 277 394 275 534 502 271 436 511 744 322 140 60 372 354 385 394 410 745 618 603 518 544 761 551 479 234 433 727 148 640 332 273 412 836 345 300 536 609 
187 265 149 492 220 289 518 616 733 251 92 98 263 727 473 501 185 361 656 120 649 521 750 132 157 598 434 393 330 641 549 414 480 615 508 -1 468 808 348 425 331 424 634 321 616 300 520 664 385 472 641 512 455 491 397 173 298 538 295 692 574 488 372 387 334 357 336 562 77 174 246 411 386 465 718 284 207 284 322 498 110 200 412 67 596 57 220 340 393 737 602 518 175 248 250 827 488 207 219 145 
542 234 355 916 654 182 889 1020 998 243 377 372 728 1112 670 682 624 277 1019 423 600 849 1070 458 621 583 402 849 172 911 514 769 937 518 474 468 -1 794 677 301 487 355 857 597 762 180 724 705 571 278 806 659 916 942 783 506 739 969 716 992 836 336 208 99 232 755 724 711 458 315 679 152 362 416 840 589 272 620 148 940 541 665 783 439 1015 460 628 532 76 1083 622 912 402 336 219 1189 724 407 291 613 
655 853 860 818 760 739 683 816 520 686 798 766 878 823 394 366 970 552 720 893 193 589 658 676 829 223 419 1098 681 498 290 626 945 276 335 808 794 -1 585 503 477 458 405 534 281 715 385 149 439 515 305 329 1121 924 686 649 1056 865 744 581 470 457 610 724 611 705 681 304 731 840 1022 648 474 394 231 576 716 606 745 889 914 850 657 855 856 858 711 475 763 719 206 743 639 598 747 815 435 605 869 879 
165 559 479 279 191 510 212 352 384 439 403 380 299 435 191 220 441 432 341 468 495 180 411 249 280 437 389 519 504 293 428 92 375 510 410 348 677 585 -1 460 224 418 298 90 326 503 213 437 180 519 333 256 537 360 126 192 498 335 159 346 229 494 490 578 455 126 97 285 286 487 480 551 381 409 424 88 426 66 540 334 418 286 113 415 360 404 151 182 605 411 411 244 282 341 485 513 167 271 533 341 
382 364 408 733 518 244 667 812 721 209 370 343 625 886 394 400 611 66 783 461 310 607 810 332 531 285 103 808 181 639 215 551 797 238 173 425 301 503 460 -1 237 56 574 370 467 219 445 404 308 59 512 370 860 792 584 351 723 789 556 727 566 65 107 221 117 569 535 418 368 377 671 148 80 115 540 381 252 420 244 777 533 570 574 442 821 455 475 283 260 835 322 705 265 179 262 944 456 243 393 553 
193 432 401 501 322 346 430 574 512 275 331 299 441 648 188 207 496 218 547 423 329 372 585 199 368 274 167 649 318 424 237 314 580 315 206 331 487 477 224 237 -1 194 376 133 310 330 243 334 85 295 345 199 688 571 350 177 590 558 340 505 349 270 284 388 254 340 306 253 254 390 551 345 157 190 407 152 284 193 368 551 437 398 337 381 585 382 273 46 422 603 272 468 168 165 334 711 237 136 428 411 
356 398 427 695 493 281 622 768 666 234 380 351 605 838 340 345 609 94 734 475 268 558 757 318 515 237 47 796 223 585 168 508 766 205 124 424 355 458 418 56 194 -1 519 328 411 257 391 352 258 106 455 314 844 760 544 328 717 751 524 673 513 77 154 271 152 532 498 362 361 399 668 202 42 64 484 343 272 383 286 742 535 553 532 449 779 460 448 237 310 784 270 662 254 176 293 893 403 228 420 543 
447 802 748 440 486 722 295 415 149 651 672 644 583 418 188 175 739 580 314 749 423 205 267 515 578 382 473 797 693 93 421 283 581 486 435 634 857 405 298 574 376 519 -1 315 140 707 133 297 291 622 102 205 800 555 341 463 791 480 438 183 81 574 650 761 626 375 365 165 563 746 777 709 500 473 180 350 656 354 745 515 714 581 310 699 459 691 449 337 796 320 333 356 521 541 709 422 148 496 789 639 
136 498 433 368 225 436 299 441 428 364 357 330 344 521 156 186 449 343 423 435 423 252 477 200 297 365 300 563 424 336 347 181 454 429 325 321 597 534 90 370 133 328 315 -1 302 426 199 385 102 428 321 209 591 443 216 148 524 424 222 404 263 403 404 497 370 209 176 251 248 435 496 465 290 320 404 42 357 73 464 420 409 316 204 384 451 378 176 93 526 486 346 334 215 260 414 592 167 196 479 352 
438 741 708 537 514 647 401 536 284 579 635 605 626 553 145 115 751 485 447 723 283 308 408 487 596 245 364 846 608 232 290 350 668 350 312 616 762 281 326 467 310 411 140 302 -1 629 113 158 235 509 46 110 861 646 411 444 821 584 484 324 190 456 555 671 537 435 415 56 540 699 796 610 400 358 102 344 593 363 666 609 710 609 381 675 574 672 469 283 708 459 195 461 474 472 641 563 162 444 738 653 
362 146 219 736 475 25 712 841 841 63 214 202 553 935 518 535 471 162 844 284 525 678 903 278 447 493 296 691 43 752 425 593 759 457 380 300 180 715 503 219 330 257 707 426 629 -1 574 602 415 235 669 520 754 763 604 327 588 788 536 828 676 279 116 88 104 576 544 574 280 180 529 123 244 320 717 414 94 443 38 760 387 490 605 284 835 304 447 372 104 912 521 733 223 168 56 1016 566 231 182 445 
336 671 624 433 402 589 306 449 275 518 549 520 513 485 55 46 644 448 377 631 342 216 371 395 487 291 346 733 560 195 314 240 559 389 320 520 724 385 213 445 243 391 133 199 113 574 -1 245 159 496 123 88 748 539 301 346 710 483 371 286 126 451 517 628 493 323 302 81 446 620 687 577 369 350 211 239 525 254 612 504 608 498 272 582 481 576 358 205 663 408 249 363 393 408 577 516 49 366 662 545 
507 733 727 679 610 624 550 690 434 565 661 629 728 711 247 220 822 442 604 755 140 458 563 532 680 125 307 948 572 390 192 483 802 222 230 664 705 149 437 404 334 352 297 385 158 602 245 -1 290 431 195 181 972 782 542 502 907 729 596 480 347 373 506 624 500 559 533 164 587 710 874 553 358 289 162 426 590 456 635 748 769 701 515 714 725 716 561 328 663 617 82 609 499 468 627 719 293 466 742 730 
217 513 473 457 325 430 367 515 427 359 400 369 445 580 103 125 533 298 476 488 320 300 504 253 390 262 221 662 403 340 247 259 553 330 230 385 571 439 180 308 85 258 291 102 235 415 159 290 -1 364 266 127 692 540 305 215 617 513 324 423 265 329 366 473 338 306 274 179 307 465 584 427 227 236 335 139 366 175 453 515 484 413 287 441 532 439 275 47 507 527 245 412 239 249 417 635 153 210 506 440 
440 381 441 792 575 260 725 870 770 240 410 385 681 943 446 450 657 112 839 498 322 664 863 386 585 307 149 859 193 691 238 610 855 241 202 472 278 515 519 59 295 106 622 428 509 235 496 431 364 -1 554 417 913 851 643 408 771 848 614 779 619 58 119 214 145 628 594 463 420 406 718 136 138 151 575 440 286 479 253 836 578 625 632 483 879 497 533 340 252 890 349 763 318 230 285 999 509 299 416 604 
458 777 739 523 524 686 382 512 240 618 665 635 632 520 168 141 767 528 415 750 326 289 367 514 610 290 408 850 649 196 337 345 658 395 358 641 806 305 333 512 345 455 102 321 46 669 123 195 266 554 -1 148 861 635 406 467 831 567 488 285 166 502 597 713 579 434 417 95 566 732 810 654 443 403 93 362 629 377 706 596 731 620 375 702 552 697 481 314 750 422 240 443 506 509 678 524 166 477 772 668 
340 630 598 506 432 538 387 533 353 469 526 495 549 573 67 45 656 381 464 615 258 300 457 381 507 205 268 769 501 279 226 306 623 300 233 512 659 329 256 370 199 314 205 209 110 520 88 181 127 417 148 -1 792 605 364 341 733 558 414 372 214 369 451 566 431 378 352 54 435 589 704 508 298 268 208 251 483 278 557 573 610 524 338 569 561 567 384 174 602 496 166 442 364 361 530 604 125 334 628 560 
495 692 564 396 367 742 530 509 819 706 541 552 247 621 728 757 296 801 620 499 1010 603 755 527 329 953 839 75 785 751 925 518 259 1003 894 455 916 1121 537 860 688 844 800 591 861 754 748 972 692 913 861 792 -1 291 459 518 192 392 377 744 719 917 823 841 784 427 445 822 493 603 250 865 802 868 954 552 662 518 775 333 376 291 490 477 457 455 417 668 844 702 937 482 594 682 703 741 699 617 636 311 
415 756 637 117 288 760 263 218 545 703 581 577 235 332 538 563 430 748 331 589 854 350 467 488 334 797 738 326 781 490 788 299 31 871 769 491 942 924 360 792 571 760 555 443 646 763 539 782 540 851 635 605 291 -1 241 449 393 101 236 467 475 837 793 850 753 234 266 620 484 665 422 848 719 762 727 418 670 378 794 44 474 294 267 545 167 524 321 536 866 411 768 206 552 636 725 452 489 560 710 368 
244 639 542 152 187 608 121 236 379 541 470 454 252 335 296 322 437 551 258 516 614 152 361 332 281 557 516 457 612 300 552 60 259 634 536 397 783 686 126 584 350 544 341 216 411 604 301 542 305 643 406 364 459 241 -1 278 465 208 115 318 260 620 606 684 568 43 62 381 354 558 461 665 505 536 499 203 520 166 640 211 438 267 31 464 237 448 177 309 708 340 527 129 381 452 579 430 251 377 605 340 
35 367 289 410 167 330 391 514 570 263 212 188 276 612 299 328 320 301 527 286 507 372 603 57 192 451 321 475 338 478 413 274 450 488 378 173 506 649 192 351 177 328 463 148 444 327 346 502 215 408 467 341 518 449 278 -1 412 463 214 537 407 403 344 409 304 248 217 390 100 294 374 400 286 350 546 114 242 126 362 440 268 226 282 236 508 230 127 174 431 601 447 407 105 187 300 699 315 111 341 233 
400 509 384 465 307 572 567 596 844 547 373 391 212 715 677 708 116 659 685 317 919 617 811 402 227 864 721 118 623 763 824 513 367 897 787 298 739 1056 498 723 590 717 791 524 821 588 710 907 617 771 831 733 192 393 465 412 -1 484 355 780 715 784 670 671 633 423 426 773 356 424 60 705 677 752 921 482 500 457 603 425 200 211 493 303 553 283 351 582 670 771 857 535 463 544 533 833 665 491 452 179 
428 799 687 56 321 789 185 117 453 726 624 615 302 233 492 513 506 753 231 645 814 278 368 510 387 758 724 425 801 406 758 255 132 840 744 538 969 865 335 789 558 751 480 424 584 788 483 729 513 848 567 558 392 101 208 463 484 -1 253 373 402 827 804 873 765 220 254 565 517 711 506 862 712 745 657 408 699 369 822 60 539 353 226 598 68 578 341 517 893 310 724 124 569 647 755 352 436 571 757 432 
179 550 443 202 75 536 233 321 492 474 376 364 145 432 350 380 321 512 367 410 644 265 476 258 166 587 506 362 550 409 568 159 241 650 543 295 716 744 159 556 340 524 438 222 484 536 371 596 324 614 488 414 377 236 115 214 355 253 -1 433 360 601 557 621 518 72 72 444 265 464 347 614 483 531 580 189 446 150 569 226 324 152 141 359 304 342 88 309 640 452 565 224 318 400 502 535 322 324 510 225 
511 901 825 351 500 839 215 278 81 767 749 726 568 246 333 332 755 721 157 812 606 172 85 594 596 563 631 758 821 93 596 281 497 666 605 692 992 581 346 727 505 673 183 404 324 828 286 480 423 779 285 372 744 467 318 537 780 373 433 -1 160 736 789 893 760 361 368 342 632 832 780 850 648 636 350 426 762 412 866 422 749 585 293 759 331 747 478 460 925 138 515 263 619 660 819 239 271 601 878 657 
387 759 695 360 412 689 217 346 166 617 619 593 505 365 172 172 667 563 258 692 460 125 245 462 506 413 470 717 667 75 440 203 500 513 446 574 836 470 229 566 349 513 81 263 190 676 126 347 265 619 166 214 719 475 260 407 715 402 360 160 -1 576 631 737 603 296 288 192 506 698 702 692 488 476 254 293 616 290 714 435 647 506 229 640 386 630 378 305 771 282 368 278 476 508 672 390 111 455 742 567 
432 425 473 771 569 304 695 842 723 273 435 408 679 909 403 405 674 131 804 526 264 629 821 389 588 249 107 867 239 646 181 582 843 184 146 488 336 457 494 65 270 77 574 403 456 279 451 373 329 58 502 369 917 837 620 403 784 827 601 736 576 -1 163 268 180 609 575 412 429 441 734 191 118 100 519 420 317 460 301 819 597 626 607 506 854 519 524 312 307 851 292 736 323 240 324 960 468 299 456 613 
378 262 324 748 507 141 702 841 792 126 301 279 603 925 463 474 554 69 827 384 417 654 869 308 500 390 199 765 75 706 321 583 793 344 277 372 208 610 490 107 284 154 650 404 555 116 517 506 366 119 597 451 823 793 606 344 670 804 557 789 631 163 -1 117 40 584 551 503 331 288 615 61 154 218 634 404 173 439 137 783 473 543 601 374 842 390 471 330 156 887 424 732 242 157 166 994 519 233 297 511 
445 193 294 819 561 98 789 921 900 147 300 289 641 1013 573 587 554 185 919 361 530 749 971 363 535 506 317 776 73 813 437 669 846 453 394 387 99 724 578 221 388 271 761 497 671 88 628 624 473 214 713 566 841 850 684 409 671 873 621 893 737 268 117 -1 135 658 626 618 368 253 612 78 271 335 752 489 182 520 68 846 471 579 684 368 917 388 532 433 39 983 542 813 304 236 138 1089 626 307 243 532 
339 248 296 710 467 128 667 804 766 95 266 243 563 890 438 451 518 58 793 353 420 621 839 268 460 388 193 726 72 679 320 547 753 353 275 334 232 611 455 117 254 152 626 370 537 104 493 500 338 145 579 431 784 753 568 304 633 765 518 760 603 180 40 135 -1 546 512 484 291 262 578 97 142 216 620 367 141 402 135 744 437 503 564 339 805 355 431 300 171 855 419 696 201 117 144 961 492 194 276 472 
213 603 503 164 143 578 163 266 421 512 433 418 211 371 311 339 393 532 299 475 621 194 404 300 237 564 508 421 585 340 554 92 248 636 534 357 755 705 126 569 340 532 375 209 435 576 323 559 306 628 434 378 427 234 43 248 423 220 72 361 296 609 584 658 546 -1 34 401 317 521 419 643 492 530 527 189 489 149 611 211 394 224 69 423 259 407 138 302 680 382 537 162 353 428 547 470 273 352 568 297 
183 577 480 198 132 548 182 296 423 481 408 391 217 397 286 315 387 498 320 455 592 197 418 270 227 534 474 433 553 338 522 88 278 604 502 336 724 681 97 535 306 498 365 176 415 544 302 533 274 594 417 352 445 266 62 217 426 254 72 368 288 575 551 626 512 34 -1 378 291 495 417 609 458 496 510 155 459 114 580 244 381 220 77 403 292 388 116 269 649 400 509 190 321 395 517 492 253 320 543 288 
385 685 652 515 469 592 387 528 314 524 579 548 583 557 95 65 700 433 449 667 268 295 427 432 548 221 315 803 554 248 256 321 640 323 271 562 711 304 285 418 253 362 165 251 56 574 81 164 179 463 95 54 822 620 381 390 773 565 444 342 192 412 503 618 484 401 378 -1 485 643 747 559 349 312 156 293 537 316 611 585 657 563 353 620 562 617 422 226 655 472 175 445 418 416 585 579 130 388 682 603 
121 286 192 467 197 276 472 583 668 223 118 100 274 688 398 425 250 307 610 186 575 464 695 54 170 523 366 439 303 576 476 361 478 544 436 77 458 731 286 368 254 361 563 248 540 280 446 587 307 420 566 435 493 484 354 100 356 517 265 632 506 429 331 368 291 317 291 485 -1 204 309 378 320 396 642 213 186 220 310 484 184 213 364 136 569 132 179 262 382 687 525 480 106 189 241 783 416 136 251 184 
322 91 40 664 391 159 677 785 863 167 87 106 436 892 567 590 309 311 815 108 660 666 898 237 332 617 427 534 222 770 556 565 655 604 511 174 315 840 487 377 390 399 746 435 699 180 620 710 465 406 732 589 603 665 558 294 424 711 464 832 698 441 288 253 262 521 495 643 204 -1 364 304 371 456 797 407 126 421 185 672 227 374 568 128 767 150 382 417 247 892 635 683 226 241 124 987 598 255 47 309 
366 449 324 482 290 514 571 614 840 490 316 335 215 733 652 682 60 607 695 257 879 612 816 357 200 825 675 176 565 756 782 506 398 853 744 246 679 1022 480 671 551 668 777 496 796 529 687 874 584 718 810 704 250 422 461 374 60 506 347 780 702 734 615 612 578 419 417 747 309 364 -1 648 629 706 897 453 444 433 544 450 142 196 488 245 574 226 329 547 610 781 821 544 415 494 475 849 645 445 392 143 
435 259 343 807 561 145 763 901 852 159 332 314 652 986 523 534 589 129 888 407 454 715 930 361 548 433 249 805 83 767 363 644 847 376 322 411 152 648 551 148 345 202 709 465 610 123 577 553 427 136 654 508 865 848 665 400 705 862 614 850 692 191 61 78 97 643 609 559 378 304 648 -1 210 264 687 464 205 499 127 840 506 591 661 404 902 422 526 391 116 948 471 792 296 214 179 1055 580 290 303 554 
314 379 397 656 451 266 587 732 645 212 346 316 563 805 316 325 569 86 702 442 288 526 731 277 473 250 55 755 214 562 185 471 725 234 140 386 362 474 381 80 157 42 500 290 400 244 369 358 227 138 443 298 802 719 505 286 677 712 483 648 488 118 154 271 142 492 458 349 320 371 629 210 -1 84 480 303 245 343 276 702 496 511 494 414 741 423 406 202 310 755 277 625 214 140 272 863 377 186 396 502 
373 460 482 688 508 344 604 752 622 294 430 400 624 814 304 304 647 157 708 526 205 533 721 349 541 173 31 824 286 546 104 494 771 151 60 465 416 394 409 115 190 64 473 320 358 320 350 289 236 151 403 268 868 762 536 350 752 745 531 636 476 100 218 335 216 530 496 312 396 456 706 264 84 -1 426 343 330 384 350 741 576 576 521 496 767 505 460 227 374 753 207 648 291 223 354 862 369 260 480 575 
540 835 807 614 613 736 472 596 290 670 735 704 723 594 247 218 853 566 493 823 302 379 427 588 697 282 437 942 693 270 341 438 751 383 372 718 840 231 424 540 407 484 180 404 102 717 211 162 335 575 93 208 954 727 499 546 921 657 580 350 254 519 634 752 620 527 510 156 642 797 897 687 480 426 -1 446 687 464 752 688 813 709 468 777 639 774 569 382 790 488 232 533 573 565 732 584 257 542 835 754 
97 474 402 352 185 422 300 436 456 351 326 301 305 523 198 228 407 347 430 399 459 266 495 169 255 401 320 523 416 364 379 180 427 460 354 284 589 576 88 381 152 343 350 42 344 414 239 426 139 440 362 251 552 418 203 114 482 408 189 426 293 420 404 489 367 189 155 293 213 407 453 464 303 343 446 -1 339 40 451 399 368 274 197 348 441 341 135 120 516 498 385 328 195 253 397 601 204 182 452 310 
276 147 156 647 382 90 632 756 783 47 128 110 458 854 470 491 384 186 767 211 534 605 834 189 352 493 301 600 123 691 431 514 665 478 385 207 272 716 426 252 284 272 656 357 593 94 525 590 366 286 629 483 662 670 520 242 500 699 446 762 616 317 173 182 141 489 459 537 186 126 444 205 245 330 687 339 -1 363 124 668 301 396 524 201 747 218 357 319 195 838 514 649 144 123 58 939 510 161 152 352 
99 493 413 313 154 449 269 401 449 379 337 314 272 492 220 250 390 385 403 403 496 245 477 183 233 438 360 491 447 357 418 150 387 499 394 284 620 606 66 420 193 383 354 73 363 443 254 456 175 479 377 278 518 378 166 126 457 369 150 412 290 460 439 520 402 149 114 316 220 421 433 499 343 384 464 40 363 -1 479 358 359 247 163 351 403 340 106 160 546 475 419 293 220 286 422 575 213 212 467 290 
397 132 226 770 506 34 749 876 880 100 234 225 580 972 556 573 487 193 882 293 553 716 941 311 473 523 328 709 63 790 455 630 789 482 410 322 148 745 540 244 368 286 745 464 666 38 612 635 453 253 706 557 775 794 640 362 603 822 569 866 714 301 137 68 135 611 580 611 310 185 544 127 276 350 752 451 124 479 -1 792 403 517 642 300 869 320 481 410 72 950 554 769 259 206 72 1053 605 269 177 468 
405 762 645 74 286 759 220 177 501 699 586 580 251 293 506 530 453 736 287 601 825 309 423 483 343 768 719 365 776 447 762 266 75 845 745 498 940 889 334 777 551 742 515 420 609 760 504 748 515 836 596 573 333 44 211 440 425 60 226 422 435 819 783 846 744 211 244 585 484 672 450 840 702 741 688 399 668 358 792 -1 491 306 235 555 128 534 313 513 864 368 737 162 544 626 724 412 455 550 717 384 
272 316 188 502 251 372 557 633 799 348 173 193 240 749 565 594 83 468 692 125 759 577 799 237 158 707 545 307 423 709 659 468 457 725 618 110 541 914 418 533 437 535 714 409 710 387 608 769 484 578 731 610 376 474 438 268 200 539 324 749 647 597 473 471 437 394 381 657 184 227 142 506 496 576 813 368 301 359 403 491 -1 187 458 103 603 83 271 442 471 776 709 545 286 358 333 858 571 318 261 107 
205 465 343 315 95 483 381 446 643 435 292 293 63 564 467 497 170 514 511 295 725 416 626 238 43 668 547 251 515 559 636 309 281 713 603 200 665 850 286 570 398 553 581 316 609 490 498 701 413 625 620 524 291 294 267 226 211 353 152 585 506 626 543 579 503 224 220 563 213 374 196 591 511 576 709 274 396 247 517 306 187 -1 293 251 416 230 140 383 589 597 657 363 306 395 445 674 453 327 417 80 
249 647 554 171 208 611 109 239 351 542 481 463 281 330 270 295 462 544 246 532 590 124 340 338 303 534 502 488 611 270 532 31 287 614 518 412 783 657 113 574 337 532 310 204 381 605 272 515 287 632 375 338 490 267 31 282 493 226 141 293 229 607 601 684 564 69 77 353 364 568 488 661 494 521 468 197 524 163 642 235 458 293 -1 479 247 464 192 295 709 324 502 131 382 449 583 419 222 376 616 364 
253 219 93 554 284 269 585 680 800 248 72 98 312 792 533 561 186 375 723 52 689 589 818 188 211 640 465 410 321 708 586 482 532 647 544 67 439 855 415 442 381 449 699 384 675 284 582 714 441 483 702 569 477 545 464 236 303 598 359 759 640 506 374 368 339 423 403 620 136 128 245 404 414 496 777 348 201 351 300 555 103 251 479 -1 657 22 287 395 368 804 648 583 216 273 230 893 551 249 167 182 
473 854 745 103 376 837 175 55 412 772 680 669 368 165 497 516 573 788 179 706 820 267 314 558 449 765 749 492 845 378 771 272 198 853 761 596 1015 856 360 821 585 779 459 451 574 835 481 725 532 879 552 561 457 167 237 508 553 68 304 331 386 854 842 917 805 259 292 562 569 767 574 902 741 767 639 441 747 403 869 128 603 416 247 657 -1 638 390 542 939 251 728 121 613 687 805 285 437 612 814 496 
244 241 115 535 266 289 570 662 789 265 89 112 290 774 529 557 167 388 707 68 695 576 804 185 191 645 474 389 339 698 593 468 511 656 551 57 460 858 404 455 382 460 691 378 672 304 576 716 439 497 697 567 455 524 448 230 283 578 342 747 630 519 390 388 355 407 388 617 132 150 226 422 423 505 774 341 218 340 320 534 83 230 464 22 638 -1 272 394 389 788 651 566 220 283 250 877 544 253 189 160 
93 466 364 289 49 448 298 403 527 385 294 280 170 510 326 356 290 428 436 339 593 306 532 169 129 535 433 387 462 438 508 197 323 588 479 220 628 711 151 475 273 448 449 176 469 447 358 561 275 533 481 384 417 321 177 127 351 341 88 478 378 524 471 532 431 138 116 422 179 382 329 526 406 460 569 135 357 106 481 313 271 140 192 287 390 272 -1 250 552 516 520 301 231 314 415 607 315 238 429 189 
181 466 425 461 300 386 384 530 469 314 352 322 420 602 150 173 494 264 501 441 342 326 539 208 357 285 207 634 362 380 259 270 546 340 234 340 532 475 182 283 46 237 337 93 283 372 205 328 47 340 314 174 668 536 309 174 582 517 309 460 305 312 330 433 300 302 269 226 262 417 547 391 202 227 382 120 319 160 410 513 442 383 295 395 542 394 250 -1 465 557 275 424 191 204 371 665 194 162 458 404 
466 176 288 840 578 106 816 945 934 167 304 297 652 1039 608 622 554 223 947 356 569 779 1002 382 545 545 355 778 103 846 476 696 861 492 433 393 76 763 605 260 422 310 796 526 708 104 663 663 507 252 750 602 844 866 708 431 670 893 640 925 771 307 156 39 171 680 649 655 382 247 610 116 310 374 790 516 195 546 72 864 471 589 709 368 939 389 552 465 -1 1013 581 838 327 266 143 1117 659 334 230 539 
570 968 879 309 526 920 219 196 206 849 805 786 566 119 449 453 766 822 86 856 739 234 72 658 617 694 744 729 911 227 722 326 443 795 727 737 1083 719 411 835 603 784 320 486 459 912 408 617 527 890 422 496 702 411 340 601 771 310 452 138 282 851 887 983 855 382 400 472 687 892 781 948 755 753 488 498 838 475 950 368 776 597 324 804 251 788 516 557 1013 -1 647 237 694 747 896 109 383 681 939 675 
456 654 655 672 570 544 553 698 479 486 592 560 690 732 232 212 767 361 624 687 92 465 600 471 632 51 226 907 491 422 111 471 785 155 148 602 622 206 411 322 272 270 333 346 195 521 249 82 245 349 240 166 937 768 527 447 857 724 565 515 368 292 424 542 419 537 509 175 525 635 821 471 277 207 232 385 514 419 554 737 709 657 502 648 728 651 520 275 581 647 -1 608 432 394 548 753 291 399 666 679 
373 766 665 88 299 737 60 108 340 670 596 580 329 208 377 396 531 675 150 635 699 153 277 461 386 645 630 500 740 285 650 153 235 732 640 518 912 743 244 705 468 662 356 334 461 733 363 609 412 763 443 442 482 206 129 407 535 124 224 263 278 736 732 813 696 162 190 445 480 683 544 792 625 648 533 328 649 293 769 162 545 363 131 583 121 566 301 424 838 237 608 -1 510 579 708 312 317 506 730 441 
140 283 234 515 265 228 490 617 642 159 163 131 364 713 340 364 356 207 623 255 475 461 690 68 266 425 260 543 232 550 373 371 551 439 332 175 402 639 282 265 168 254 521 215 474 223 393 499 239 318 506 364 594 552 381 105 463 569 318 619 476 323 242 304 201 353 321 418 106 226 415 296 214 291 573 195 144 220 259 544 286 306 382 216 613 220 231 191 327 694 432 510 -1 88 202 795 373 33 268 289 
221 270 262 592 352 181 553 688 674 110 207 176 452 776 353 372 434 119 682 302 421 513 736 156 354 377 192 629 163 584 317 433 637 374 273 248 336 598 341 179 165 176 541 260 472 168 408 468 249 230 509 361 682 636 452 187 544 647 400 660 508 240 157 236 117 428 395 416 189 241 494 214 140 223 565 253 123 286 206 626 358 395 449 273 687 283 314 204 266 747 394 579 88 -1 169 852 399 76 273 374 
334 106 163 704 438 39 691 814 838 62 162 153 509 913 521 541 416 199 825 227 560 663 892 247 402 523 327 638 97 747 458 573 719 497 412 250 219 747 485 262 334 293 709 414 641 56 577 627 417 285 678 530 703 725 579 300 533 755 502 819 672 324 166 138 144 547 517 585 241 124 475 179 272 354 732 397 58 422 72 724 333 445 583 230 805 250 415 371 143 896 548 708 202 169 -1 998 564 218 131 395 
668 1066 972 367 611 1023 310 237 294 953 900 882 636 120 558 562 840 930 172 945 845 340 157 756 699 801 853 777 1016 331 831 425 483 902 836 827 1189 815 513 944 711 893 422 592 563 1016 516 719 635 999 524 604 741 452 430 699 833 352 535 239 390 960 994 1089 961 470 492 579 783 987 849 1055 863 862 584 601 939 575 1053 412 858 674 419 893 285 877 607 665 1117 109 753 312 795 852 998 -1 492 784 1034 753 
301 655 599 385 357 580 262 407 275 508 523 495 466 451 66 79 603 451 343 602 383 175 354 367 444 330 361 685 556 186 345 191 510 423 345 488 724 435 167 456 237 403 148 167 162 566 49 293 153 509 166 125 699 489 251 315 665 436 322 271 111 468 519 626 492 273 253 130 416 598 645 580 377 369 257 204 510 213 605 455 571 453 222 551 437 544 315 194 659 383 291 317 373 399 564 492 -1 349 641 503 
145 305 265 516 277 239 482 614 621 168 195 163 382 705 312 336 386 190 613 288 442 447 674 90 288 392 230 568 234 529 341 362 561 408 300 207 407 605 271 243 136 228 496 196 444 231 366 466 210 299 477 334 617 560 377 111 491 571 324 601 455 299 233 307 194 352 320 388 136 255 445 290 186 260 542 182 161 212 269 550 318 327 376 249 612 253 238 162 334 681 399 506 33 76 218 784 349 -1 295 315 
369 57 73 711 437 158 724 832 908 186 134 153 479 939 608 631 339 329 862 136 685 713 944 284 375 646 452 565 225 815 582 612 698 626 536 219 291 869 533 393 428 420 789 479 738 182 662 742 506 416 772 628 636 710 605 341 452 757 510 878 742 456 297 243 276 568 543 682 251 47 392 303 396 480 835 452 152 467 177 717 261 417 616 167 814 189 429 458 230 939 666 730 268 273 131 1034 641 295 -1 349 
223 401 276 395 157 434 458 527 711 395 235 243 133 644 508 538 100 492 590 221 740 486 701 225 61 685 544 254 474 624 645 377 353 719 609 145 613 879 341 553 411 543 639 352 653 445 545 730 440 604 668 560 311 368 340 233 179 432 225 657 567 613 511 532 472 297 288 603 184 309 143 554 502 575 754 310 352 290 468 384 107 80 364 182 496 160 189 404 539 675 679 441 289 374 395 753 503 315 349 -1 
