100
-1 294 261 610 535 828 643 697 541 427 689 831 179 251 635 518 594 135 167 466 439 443 448 652 335 118 364 450 349 334 215 804 769 700 372 284 670 413 278 508 692 516 485 274 38 102 660 677 261 394 357 597 780 607 438 628 359 322 182 596 570 483 369 287 477 182 452 676 729 599 830 692 742 727 915 561 291 250 203 619 724 332 492 553 475 493 359 173 291 953 388 216 74 69 757 402 826 523 363 227 
294 -1 113 337 643 663 676 455 272 431 758 595 410 517 455 292 334 284 347 469 151 425 202 626 119 365 278 254 302 219 205 590 597 613 554 174 387 344 462 488 558 540 231 556 291 213 366 415 253 111 496 509 634 378 542 574 86 302 160 345 655 206 475 339 281 137 402 662 737 309 648 626 594 564 676 267 144 137 128 479 481 164 596 301 184 551 389 258 94 729 143 80 244 351 552 423 806 229 189 164 
261 113 -1 437 703 777 758 564 377 513 832 704 416 508 568 259 441 304 366 553 200 512 186 720 75 360 373 366 390 316 265 703 710 719 586 63 479 439 489 578 669 621 341 535 243 160 440 518 323 153 541 613 746 490 600 673 117 382 205 453 723 230 530 401 394 80 495 755 826 352 761 728 706 677 784 327 41 217 58 589 590 268 656 291 235 623 461 296 196 839 128 86 239 300 665 500 902 295 112 58 
610 337 437 -1 749 437 696 153 69 502 801 283 671 785 268 432 50 547 596 522 267 476 369 591 395 645 360 215 405 334 432 307 376 506 747 484 75 389 677 508 405 588 130 839 616 545 149 84 433 301 666 437 440 140 668 521 329 431 434 76 735 296 625 506 207 474 431 632 717 249 401 541 408 364 356 199 452 369 465 346 173 297 707 386 248 630 508 501 319 419 364 415 544 675 291 516 738 193 452 495 
535 643 703 749 -1 639 179 722 696 247 165 794 372 398 561 936 703 416 368 228 772 272 846 287 754 426 403 538 362 452 441 725 614 418 198 756 824 360 265 256 499 175 639 457 573 603 879 761 390 747 178 382 572 643 103 330 729 349 498 685 55 835 173 304 542 638 319 276 270 902 674 378 552 574 863 842 745 506 657 481 740 512 47 941 795 121 259 409 558 856 786 618 496 574 675 237 385 805 814 706 
828 663 777 437 639 -1 493 293 452 468 594 239 789 887 208 856 396 709 723 453 670 438 780 362 766 798 464 410 485 498 613 162 66 224 751 837 474 424 733 406 149 472 453 954 853 813 575 372 569 687 669 271 67 311 614 309 702 516 657 371 596 717 617 580 382 774 404 389 453 687 52 270 93 102 268 634 807 598 777 211 284 520 619 817 664 533 527 661 588 231 755 714 754 897 151 499 410 620 835 823 
643 676 758 696 179 493 -1 635 656 246 108 680 506 556 464 963 646 511 479 207 781 252 871 132 795 550 403 506 374 460 496 604 481 269 362 818 767 341 406 196 369 137 608 620 680 692 839 689 436 767 313 272 427 571 224 196 756 376 558 624 124 844 281 367 501 707 285 106 94 888 535 223 415 447 739 827 800 543 723 377 647 522 188 956 798 150 299 488 583 720 817 672 590 695 558 258 208 793 862 775 
697 455 564 153 722 293 635 -1 191 486 743 140 723 836 171 584 126 610 648 495 413 456 519 515 533 709 382 251 423 379 495 154 237 406 760 617 181 385 707 467 294 550 224 896 710 648 282 79 478 442 676 363 307 93 657 444 465 454 515 110 698 448 628 532 227 587 408 554 636 399 252 447 282 236 221 351 585 447 583 259 26 365 686 539 398 601 512 561 411 275 508 526 626 766 142 507 637 345 594 620 
541 272 377 69 696 452 656 191 -1 449 759 330 602 716 261 404 65 478 527 473 223 426 332 559 341 575 300 158 344 269 363 341 387 488 683 427 139 336 611 464 396 541 62 770 547 477 184 142 367 250 605 408 444 141 611 491 274 369 364 83 686 265 564 442 156 408 382 600 685 248 422 519 409 367 408 189 395 299 401 328 216 228 653 366 212 579 449 432 249 466 317 348 475 606 314 461 716 169 403 433 
427 431 513 502 247 468 246 486 449 -1 330 574 333 422 338 719 456 293 281 40 542 31 627 224 549 358 163 291 129 218 253 515 425 288 287 573 577 113 265 81 319 109 393 490 462 458 632 518 192 524 202 200 406 401 171 205 512 130 315 439 239 605 151 141 295 464 77 251 315 661 490 270 375 381 650 601 554 297 479 272 505 280 205 716 561 131 69 258 338 657 572 427 364 488 463 31 402 564 616 532 
689 758 832 801 165 594 108 743 759 330 -1 787 534 563 573 1049 752 564 522 295 872 343 957 237 875 585 492 606 459 548 567 711 586 372 363 889 873 435 428 295 476 223 709 621 727 749 943 796 510 854 337 380 529 678 251 303 841 456 628 730 119 935 320 432 602 774 381 205 151 986 638 325 520 553 845 925 874 622 792 485 756 610 199 1046 891 208 371 548 667 823 901 746 644 733 666 335 253 890 939 843 
831 595 704 283 794 239 680 140 330 574 787 -1 842 953 236 712 265 736 769 575 549 542 653 550 672 834 497 380 534 504 623 80 210 421 859 757 287 487 815 538 311 618 364 1015 845 786 386 199 599 580 773 414 282 223 742 484 605 566 648 250 761 579 723 643 354 727 497 585 661 516 187 468 275 235 84 475 725 581 723 312 114 498 763 663 531 675 612 686 548 136 645 665 758 899 121 600 638 475 732 760 
179 410 416 671 372 789 506 723 602 333 534 842 -1 114 620 674 642 128 75 364 562 358 595 543 485 61 345 473 311 344 239 800 737 621 194 451 740 367 106 412 641 394 540 173 216 272 753 722 244 521 196 529 731 629 285 537 490 278 254 637 414 615 225 208 495 337 385 559 597 719 801 602 696 693 925 671 452 308 359 580 748 373 334 700 595 357 266 169 366 949 532 348 176 204 749 303 704 631 526 395 
251 517 508 785 398 887 556 836 716 422 563 953 114 -1 727 767 757 240 189 447 668 450 693 615 581 152 455 587 419 458 353 908 839 707 200 535 855 472 159 497 738 463 654 67 281 353 866 837 358 626 246 622 827 742 332 619 593 387 364 751 448 719 289 312 608 428 483 624 650 826 903 684 794 794 1035 781 541 421 450 681 860 488 371 798 702 416 360 284 479 1057 631 448 274 245 857 391 762 741 614 479 
635 455 568 268 561 208 464 171 261 338 573 236 620 727 -1 659 219 524 549 339 469 306 579 343 558 619 278 202 308 300 420 181 142 240 623 629 326 256 584 305 136 387 250 792 656 610 417 233 384 483 538 192 185 128 506 273 495 341 457 193 533 520 487 414 174 567 261 383 466 508 197 279 148 110 313 451 598 395 569 88 183 315 528 626 467 442 378 475 381 329 550 507 560 704 129 364 474 431 628 615 
518 292 259 432 936 856 963 584 404 719 1049 712 674 767 659 -1 463 559 622 756 192 710 91 899 190 619 560 487 590 502 496 739 790 863 838 238 431 623 743 770 786 828 409 792 496 416 346 514 546 196 786 766 844 545 834 841 208 593 445 486 948 139 768 632 507 339 681 938 1017 212 826 884 807 768 778 238 227 430 317 711 604 441 888 63 192 843 681 542 381 847 150 330 498 549 717 714 1074 239 156 292 
594 334 441 50 703 396 646 126 65 456 752 265 642 757 219 463 -1 521 567 475 287 430 394 540 406 620 321 176 365 300 405 277 333 456 708 492 121 345 642 459 356 540 109 812 603 536 199 83 401 315 626 386 395 91 624 470 339 392 414 26 688 325 583 469 163 469 384 581 666 292 363 491 362 318 343 238 460 347 463 296 150 270 662 421 274 584 466 474 302 401 382 408 525 660 254 472 688 225 468 497 
135 284 304 547 416 709 511 610 478 293 564 736 128 240 524 559 521 -1 63 331 435 309 475 517 368 99 247 358 224 231 115 701 652 569 281 349 615 286 184 373 567 381 416 291 170 187 625 603 140 396 243 467 657 517 315 494 367 194 126 518 446 490 244 152 383 230 321 541 595 591 715 559 620 609 820 543 343 181 251 498 636 251 371 580 467 363 224 50 238 850 413 228 80 196 651 267 692 503 417 295 
167 347 366 596 368 723 479 648 527 281 522 769 75 189 549 622 567 63 -1 316 497 302 539 500 431 77 272 398 241 269 165 728 669 566 220 409 666 299 123 362 577 357 465 247 205 240 681 647 170 458 191 470 667 555 270 486 430 208 187 562 403 553 202 145 420 290 323 520 567 652 733 551 632 626 852 603 405 236 312 513 673 299 325 643 529 329 211 96 295 878 476 291 133 215 678 252 669 563 479 354 
466 469 553 522 228 453 207 495 473 40 295 575 364 447 339 756 475 331 316 -1 577 48 664 185 588 393 197 316 166 254 294 511 414 260 298 613 597 140 288 49 303 72 419 515 501 499 657 532 233 560 216 182 389 414 167 173 549 171 356 457 213 640 165 179 317 505 91 211 274 692 478 238 360 371 648 631 594 337 520 266 513 316 191 751 595 108 107 298 376 651 610 467 403 526 460 64 362 595 655 572 
439 151 200 267 772 670 781 413 223 542 872 549 562 668 469 192 287 435 497 577 -1 529 109 711 138 516 379 295 414 323 347 565 604 671 699 231 291 439 609 586 594 649 219 706 430 348 240 352 385 47 636 575 655 361 673 650 83 423 310 307 777 63 610 474 314 265 497 750 830 159 644 692 618 579 623 126 200 273 248 518 436 261 724 174 35 670 512 406 215 686 98 223 395 490 537 541 884 95 186 258 
443 425 512 476 272 438 252 456 426 31 343 542 358 450 306 710 430 309 302 48 529 -1 618 213 544 380 150 268 122 208 258 483 394 263 319 573 551 92 294 67 289 120 371 518 476 468 610 489 197 514 234 171 377 372 201 185 504 132 319 412 260 593 183 159 270 468 47 244 314 644 459 250 345 350 619 583 553 295 482 240 475 269 232 704 547 153 92 271 331 626 565 427 377 506 431 60 394 547 612 534 
448 202 186 369 846 780 871 519 332 627 957 653 595 693 579 91 394 475 539 664 109 618 -1 809 112 542 468 400 498 410 407 672 714 776 752 185 383 531 658 678 703 736 328 722 430 347 312 454 455 105 698 678 764 470 744 751 117 502 358 415 857 77 678 542 421 266 590 847 926 192 753 796 727 689 724 193 164 340 245 626 541 349 798 105 121 751 590 456 290 789 62 248 420 486 646 622 985 180 111 231 
652 626 720 591 287 362 132 515 559 224 237 550 543 615 343 899 540 517 500 185 711 213 809 -1 745 576 348 420 331 406 471 474 350 137 438 782 659 282 456 146 239 151 518 682 686 681 738 574 411 703 370 154 295 458 292 70 699 345 533 516 238 772 325 365 409 680 224 41 125 801 403 92 284 316 608 740 760 503 693 255 525 463 277 884 722 203 293 482 531 588 760 637 588 711 429 249 181 709 815 746 
335 119 75 395 754 766 795 533 341 549 875 672 485 581 558 190 406 368 431 588 138 544 112 745 -1 431 398 362 421 339 312 678 699 730 648 93 428 463 552 608 670 658 317 609 318 235 378 479 365 95 598 627 741 467 651 693 67 419 257 423 769 158 582 449 388 154 522 782 857 281 746 744 702 669 749 261 62 252 132 591 557 283 706 217 171 666 503 353 214 808 53 140 309 375 645 540 925 233 71 125 
118 365 360 645 426 798 550 709 575 358 585 834 61 152 619 619 620 99 77 393 516 380 542 576 431 -1 341 457 313 330 214 797 743 644 255 393 712 373 163 439 653 431 514 195 155 212 717 702 235 474 248 546 743 616 334 563 441 281 215 617 466 567 269 222 482 280 400 595 639 674 806 629 707 699 917 630 395 276 302 587 735 349 386 648 550 400 289 148 332 946 480 297 123 148 747 329 743 590 469 336 
364 278 373 360 403 464 403 382 300 163 492 497 345 455 278 560 321 247 272 197 379 150 468 348 398 341 -1 145 44 58 150 456 406 353 387 436 435 66 325 210 328 269 239 518 390 359 479 394 106 363 305 246 416 289 313 300 354 72 202 309 401 443 264 150 160 340 123 384 459 499 468 357 377 363 580 439 413 158 351 254 406 118 358 553 398 293 149 197 183 606 416 291 290 433 406 166 529 402 467 403 
450 254 366 215 538 410 506 251 158 291 606 380 473 587 202 487 176 358 398 316 295 268 400 420 362 457 145 -1 189 128 244 356 344 375 532 428 291 177 467 310 307 385 103 645 466 413 341 251 229 297 451 279 380 158 453 357 303 216 268 166 528 355 409 293 28 365 225 461 544 382 398 397 340 310 464 321 398 201 367 228 277 118 494 466 303 421 292 309 179 503 361 305 377 519 311 302 590 288 433 413 
349 302 390 405 362 485 374 423 344 129 459 534 311 419 308 590 365 224 241 166 414 122 498 331 421 313 44 189 -1 90 144 489 429 354 343 451 480 63 284 188 343 237 283 483 378 357 523 437 88 395 261 249 433 330 270 291 383 32 203 353 363 478 220 109 203 349 109 365 436 539 493 352 395 386 616 480 430 172 361 274 446 152 316 587 435 255 105 177 209 638 444 305 277 417 438 127 513 442 489 414 
334 219 316 334 452 498 460 379 269 218 548 504 344 458 300 502 300 231 269 254 323 208 410 406 339 330 58 128 90 -1 120 471 436 405 415 379 408 124 342 269 369 326 206 516 356 316 441 379 100 306 338 298 454 286 357 357 296 104 159 293 454 387 302 173 152 289 182 442 518 450 496 412 415 396 588 391 355 105 297 292 405 62 405 497 344 346 192 181 125 621 357 237 260 404 423 217 587 353 409 349 
215 205 265 432 441 613 496 495 363 253 567 623 239 353 420 496 405 115 165 294 347 258 407 471 312 214 150 244 144 120 -1 592 553 498 352 322 501 205 264 325 479 358 301 407 239 213 517 487 60 314 291 392 566 403 339 435 291 125 62 402 458 407 271 137 269 211 253 502 568 496 614 496 527 512 707 443 306 74 226 404 521 135 394 507 376 358 197 69 134 741 346 178 141 285 544 237 652 403 373 279 
804 590 703 307 725 162 604 154 341 515 711 80 800 908 181 739 277 701 728 511 565 483 672 474 678 797 456 356 489 471 592 -1 130 343 802 759 329 437 765 472 235 550 361 972 822 769 431 230 561 590 717 343 202 212 679 409 611 522 623 257 690 602 666 596 328 716 439 508 583 553 111 390 195 158 137 506 727 558 714 245 137 474 696 694 551 609 559 651 532 149 657 654 730 874 52 542 558 500 742 755 
769 597 710 376 614 66 481 237 387 425 586 210 737 839 142 790 333 652 669 414 604 394 714 350 699 743 406 344 429 436 553 130 -1 215 712 771 417 370 687 370 115 442 386 905 792 750 517 316 512 621 628 235 73 246 580 289 635 461 595 308 575 651 576 528 316 709 356 382 454 625 64 262 66 44 258 571 741 535 711 157 232 456 590 753 598 502 479 603 523 241 688 649 694 838 100 455 427 556 768 758 
700 613 719 506 418 224 269 406 488 288 372 421 621 707 240 863 456 569 566 260 671 263 776 137 730 644 353 375 354 405 498 343 215 -1 549 782 567 292 548 210 112 260 460 775 731 710 656 473 442 672 472 106 157 367 405 92 675 378 554 430 373 728 422 422 356 693 248 167 240 737 266 47 148 186 474 677 756 509 702 160 411 450 402 839 676 319 356 526 523 451 735 641 630 765 302 318 233 651 801 754 
372 554 586 747 198 751 362 760 683 287 363 859 194 200 623 838 708 281 220 298 699 319 752 438 648 255 387 532 343 415 352 802 712 549 -1 629 821 375 97 345 602 291 621 259 409 457 855 780 323 665 85 480 686 670 146 457 639 315 394 696 249 759 136 241 546 511 362 441 457 847 776 518 658 668 936 793 625 426 532 559 782 465 174 855 728 235 248 296 486 945 690 507 353 398 750 259 570 753 698 575 
284 174 63 484 756 837 818 617 427 573 889 757 451 535 629 238 492 349 409 613 231 573 185 782 93 393 436 428 451 379 322 759 771 782 629 -1 520 501 532 639 732 680 397 555 258 182 471 567 381 188 590 676 808 547 653 736 156 442 261 507 778 246 583 457 455 119 558 816 887 369 821 791 768 738 836 354 32 279 98 652 643 332 709 282 263 681 519 347 259 893 140 146 277 310 723 559 964 326 82 56 
670 387 479 75 824 474 767 181 139 577 873 287 740 855 326 431 121 615 666 597 291 551 383 659 428 712 435 291 480 408 501 329 417 567 821 520 -1 465 750 581 461 662 201 907 673 599 101 101 506 332 741 504 486 201 743 588 364 505 498 143 809 306 700 580 282 524 505 700 784 229 432 605 458 412 347 193 488 435 513 409 192 367 782 378 265 705 583 570 382 419 390 467 607 733 324 591 800 202 477 537 
413 344 439 389 360 424 341 385 336 113 435 487 367 472 256 623 345 286 299 140 439 92 531 282 463 373 66 177 63 124 205 437 370 292 375 501 465 -1 328 146 280 212 279 537 441 418 519 410 151 426 290 186 370 297 279 235 419 92 262 329 352 503 242 159 182 404 58 318 394 551 434 293 333 326 568 490 479 223 415 213 407 182 317 614 456 244 126 240 249 585 480 357 341 480 385 126 463 455 533 468 
278 462 489 677 265 733 406 707 611 265 428 815 106 159 584 743 642 184 123 288 609 294 658 456 552 163 325 467 284 342 264 765 687 548 97 532 750 328 -1 337 583 305 548 227 316 361 777 718 244 574 93 465 672 614 182 460 547 252 301 633 309 668 130 175 484 414 330 467 499 760 752 524 640 643 896 708 528 339 435 531 730 386 229 762 640 260 207 204 399 912 595 412 256 310 713 234 608 668 601 477 
508 488 578 508 256 406 196 467 464 81 295 538 412 497 305 770 459 373 362 49 586 67 678 146 608 439 210 310 188 269 325 472 370 210 345 639 581 146 337 -1 257 82 413 564 542 535 648 510 265 573 264 135 341 392 209 124 565 200 387 439 231 649 213 221 307 535 88 177 249 692 433 190 314 327 610 631 619 360 549 227 484 329 224 760 601 136 151 337 394 608 626 493 443 569 421 110 326 596 676 601 
692 558 669 405 499 149 369 294 396 319 476 311 641 738 136 786 356 567 577 303 594 289 703 239 670 653 328 307 343 369 479 235 115 112 602 732 461 280 583 257 -1 327 377 805 718 685 553 365 430 602 519 122 90 265 467 174 610 373 528 329 460 648 468 433 283 655 256 273 351 644 176 157 56 77 370 585 703 474 661 79 299 403 475 756 595 388 378 520 475 356 668 599 618 760 191 349 343 563 741 711 
516 540 621 588 175 472 137 550 541 109 223 618 394 463 387 828 540 381 357 72 649 120 736 151 658 431 269 385 237 326 358 550 442 260 291 680 662 212 305 82 327 -1 488 530 552 557 725 593 298 632 219 208 406 474 146 168 621 239 421 520 148 712 174 233 384 570 160 164 213 763 504 227 382 401 688 702 662 406 585 306 566 388 147 823 667 60 163 354 447 683 681 534 458 571 500 121 312 667 724 637 
485 231 341 130 639 453 608 224 62 393 709 364 540 654 250 409 109 416 465 419 219 371 328 518 317 514 239 103 283 206 301 361 386 460 621 397 201 279 548 413 377 488 -1 708 494 427 240 192 304 234 543 372 436 150 552 453 251 307 305 114 631 271 503 379 109 363 328 559 643 282 429 487 398 360 445 221 365 239 358 303 250 166 595 380 218 524 388 370 193 497 302 302 417 551 327 402 682 192 383 396 
274 556 535 839 457 954 620 896 770 490 621 1015 173 67 792 792 812 291 247 515 706 518 722 682 609 195 518 645 483 516 407 972 905 775 259 555 907 537 227 564 805 530 708 -1 296 376 913 894 417 662 312 689 895 802 396 687 628 450 411 808 509 754 356 377 668 455 549 691 714 865 970 751 861 861 1098 823 564 472 477 748 921 542 433 827 740 482 427 338 527 1121 661 483 311 250 921 459 827 784 636 499 
38 291 243 616 573 853 680 710 547 462 727 845 216 281 656 496 603 170 205 501 430 476 430 686 318 155 390 466 378 356 239 822 792 731 409 258 673 441 316 542 718 552 494 296 -1 83 657 686 290 384 395 627 806 621 476 661 348 353 199 606 609 471 407 321 494 167 483 711 765 589 852 724 767 751 929 554 269 264 186 644 737 348 531 534 466 531 393 205 300 970 371 210 100 60 776 437 862 518 339 203 
102 213 160 545 603 813 692 648 477 458 749 786 272 353 610 416 536 187 240 499 348 468 347 681 235 212 359 413 357 316 213 769 750 710 457 182 599 418 361 535 685 557 427 376 83 -1 578 618 271 301 429 604 770 563 502 648 265 337 157 542 633 387 431 324 442 83 466 710 771 506 807 709 731 710 869 473 188 214 103 608 675 295 558 451 384 545 394 203 237 914 288 132 107 142 725 438 861 437 261 125 
660 366 440 149 879 575 839 282 184 632 943 386 753 866 417 346 199 625 681 657 240 610 312 738 378 717 479 341 523 441 517 431 517 656 855 471 101 519 777 648 553 725 240 913 657 578 -1 202 533 286 779 585 584 289 792 669 322 545 501 225 870 235 742 614 340 497 566 779 864 136 534 691 554 509 442 119 441 445 483 496 294 391 835 289 207 763 628 585 386 515 333 447 604 718 424 643 888 145 416 498 
677 415 518 84 761 372 689 79 142 518 796 199 722 837 233 514 83 603 647 532 352 489 454 574 479 702 394 251 437 379 487 230 316 473 780 567 101 410 718 510 365 593 192 894 686 618 202 -1 479 385 697 419 385 118 688 503 412 466 497 85 741 380 652 543 234 551 442 614 698 322 331 513 358 312 271 277 535 430 544 320 93 352 722 465 332 640 534 555 386 335 449 490 609 744 222 536 707 275 536 576 
261 253 323 433 390 569 436 478 367 192 510 599 244 358 384 546 401 140 170 233 385 197 455 411 365 235 106 229 88 100 60 561 512 442 323 381 506 151 244 265 430 298 304 417 290 271 533 479 -1 357 252 337 519 384 289 376 338 65 123 394 403 447 225 88 250 272 195 441 507 526 574 438 481 469 683 471 364 115 287 358 503 142 342 551 412 301 138 91 169 711 396 236 189 329 511 177 592 431 429 339 
394 111 153 301 747 687 767 442 250 524 854 580 521 626 483 196 315 396 458 560 47 514 105 703 95 474 363 297 395 306 314 590 621 672 665 188 332 426 574 573 602 632 234 662 384 301 286 385 357 -1 605 573 668 382 647 646 36 400 272 333 756 94 582 446 319 218 484 741 820 205 664 691 629 593 656 173 156 243 201 525 466 244 699 194 82 649 489 370 189 716 67 178 352 444 560 520 879 141 152 211 
357 496 541 666 178 669 313 676 605 202 337 773 196 246 538 786 626 243 191 216 636 234 698 370 598 248 305 451 261 338 291 717 628 472 85 590 741 290 93 264 519 219 543 312 395 429 779 697 252 605 -1 398 605 586 89 381 582 236 340 613 218 697 51 166 464 471 277 378 406 779 692 444 576 584 851 723 582 363 491 475 697 391 138 798 663 170 163 245 420 860 636 458 322 397 664 174 517 684 653 538 
597 509 613 437 382 271 272 363 408 200 380 414 529 622 192 766 386 467 470 182 575 171 678 154 627 546 246 279 249 298 392 343 235 106 480 676 504 186 465 135 122 208 372 689 627 604 585 419 337 573 398 -1 207 304 345 84 574 274 447 362 347 634 347 324 264 587 146 195 280 653 297 118 178 193 480 592 651 403 596 104 375 345 355 746 583 267 263 423 418 475 635 535 526 663 294 231 311 563 698 647 
780 634 746 440 572 67 427 307 444 406 529 282 731 827 185 844 395 657 667 389 655 377 764 295 741 743 416 380 433 454 566 202 73 157 686 808 486 370 672 341 90 406 436 895 806 770 584 385 519 668 605 207 -1 304 548 242 679 463 613 369 529 705 554 523 353 737 346 324 391 687 109 204 39 76 323 632 778 557 741 162 304 483 552 810 652 466 467 610 553 294 735 679 706 848 174 437 356 614 811 790 
607 378 490 140 643 311 571 93 141 401 678 223 629 742 128 545 91 517 555 414 361 372 470 458 467 616 289 158 330 286 403 212 246 367 670 547 201 297 614 392 265 474 150 802 621 563 289 118 384 382 586 304 304 -1 572 388 401 361 424 65 622 405 540 439 134 506 325 499 583 383 282 403 271 228 307 327 515 357 503 208 118 274 605 507 353 522 423 467 325 352 450 444 535 676 177 421 600 310 533 543 
438 542 600 668 103 614 224 657 611 171 251 742 285 332 506 834 624 315 270 167 673 201 744 292 651 334 313 453 270 357 339 679 580 405 146 653 743 279 182 209 467 146 552 396 476 502 792 688 289 647 89 345 548 572 -1 313 627 252 395 608 132 736 71 202 461 535 248 296 318 807 642 372 523 537 816 748 641 404 554 433 677 416 56 841 697 88 164 306 458 818 684 515 395 482 627 152 430 710 711 603 
628 574 673 521 330 309 196 444 491 205 303 484 537 619 273 841 470 494 486 173 650 185 751 70 693 563 300 357 291 357 435 409 289 92 457 736 588 235 460 124 174 168 453 687 661 648 669 503 376 646 381 84 242 388 313 -1 644 311 495 446 287 711 332 344 344 639 182 111 195 735 346 65 224 252 544 674 713 458 651 184 455 410 311 823 660 227 275 455 481 530 705 592 561 691 362 234 233 644 764 703 
359 86 117 329 729 702 756 465 274 512 841 605 490 593 495 208 339 367 430 549 83 504 117 699 67 441 354 303 383 296 291 611 635 675 639 156 364 419 547 565 610 621 251 628 348 265 322 412 338 36 582 574 679 401 627 644 -1 385 245 355 740 126 562 425 327 181 477 736 814 240 680 692 640 606 682 210 123 223 164 531 490 236 681 215 119 635 473 343 173 741 61 145 319 407 578 506 877 177 133 176 
322 302 382 431 349 516 376 454 369 130 456 566 278 387 341 593 392 194 208 171 423 132 502 345 419 281 72 216 32 104 125 522 461 378 315 442 505 92 252 200 373 239 307 450 353 337 545 466 65 400 236 274 463 361 252 311 385 -1 187 381 355 486 197 77 232 335 130 377 445 554 525 373 426 418 649 496 423 167 349 305 478 163 302 594 446 249 89 149 212 671 445 296 252 389 470 120 527 457 485 402 
182 160 205 434 498 657 558 515 364 315 628 648 254 364 457 445 414 126 187 356 310 319 358 533 257 215 202 268 203 159 62 623 595 554 394 261 498 262 301 387 528 421 305 411 199 157 501 497 123 272 340 447 613 424 395 495 245 187 -1 414 517 367 326 196 295 149 312 564 630 465 654 555 574 555 732 417 247 67 164 451 541 150 451 461 342 419 258 97 116 771 296 119 111 251 577 299 714 377 315 216 
596 345 453 76 685 371 624 110 83 439 730 250 637 751 193 486 26 518 562 457 307 412 415 516 423 617 309 166 353 293 402 257 308 430 696 507 143 329 633 439 329 520 114 808 606 542 225 85 394 333 613 362 369 65 608 446 355 381 414 -1 668 347 569 458 149 478 365 557 642 318 339 465 336 292 331 263 474 347 473 270 136 268 644 446 295 565 452 470 306 385 400 417 526 663 231 456 662 249 485 509 
570 655 723 735 55 596 124 698 686 239 119 761 414 448 533 948 688 446 403 213 777 260 857 238 769 466 401 528 363 454 458 690 575 373 249 778 809 352 309 231 460 148 631 509 609 633 870 741 403 756 218 347 529 622 132 287 740 355 517 668 -1 841 202 321 530 662 304 224 214 901 633 330 512 536 827 841 764 518 680 449 714 516 80 949 799 108 266 434 567 816 799 636 527 614 641 236 329 804 832 730 
483 206 230 296 835 717 844 448 265 605 935 579 615 719 520 139 325 490 553 640 63 593 77 772 158 567 443 355 478 387 407 602 651 728 759 246 306 503 668 649 648 712 271 754 471 387 235 380 447 94 697 634 705 405 736 711 126 486 367 347 841 -1 673 536 372 304 560 812 893 123 687 752 669 629 649 116 219 334 284 574 469 325 787 112 53 733 576 464 278 715 106 271 445 529 579 604 944 104 182 284 
369 475 530 625 173 617 281 628 564 151 320 723 225 289 487 768 583 244 202 165 610 183 678 325 582 269 264 409 220 302 271 666 576 422 136 583 700 242 130 213 468 174 503 356 407 431 742 652 225 582 51 347 554 540 71 332 562 197 326 569 202 673 -1 136 420 464 226 337 372 749 641 396 524 532 801 691 571 339 484 423 649 358 127 776 636 132 117 235 394 809 617 445 325 416 614 123 480 652 641 532 
287 339 401 506 304 580 367 532 442 141 432 643 208 312 414 632 469 152 145 179 474 159 542 365 449 222 150 293 109 173 137 596 528 422 241 457 580 159 175 221 433 233 379 377 321 324 614 543 88 446 166 324 523 439 202 344 425 77 196 458 321 536 136 -1 309 342 178 390 447 614 592 409 488 484 724 557 443 203 359 371 555 225 256 639 500 224 72 120 258 744 482 315 225 347 544 115 541 518 510 410 
477 281 394 207 542 382 501 227 156 295 602 354 495 608 174 507 163 383 420 317 314 270 421 409 388 482 160 28 203 152 269 328 316 356 546 455 282 182 484 307 283 384 109 668 494 442 340 234 250 319 464 264 353 134 461 344 327 232 295 149 530 372 420 309 -1 394 225 450 534 391 370 380 314 283 438 330 425 230 395 205 253 146 500 483 320 424 302 333 208 475 385 333 404 547 283 309 575 300 458 441 
182 137 80 474 638 774 707 587 408 464 774 727 337 428 567 339 469 230 290 505 265 468 266 680 154 280 340 365 349 289 211 716 709 693 511 119 524 404 414 535 655 570 363 455 167 83 497 551 272 218 471 587 737 506 535 639 181 335 149 478 662 304 464 342 394 -1 458 712 780 422 764 698 697 672 809 390 115 183 22 576 613 254 591 371 300 566 407 228 185 858 206 61 160 226 675 448 862 355 189 68 
452 402 495 431 319 404 285 408 382 77 381 497 385 483 261 681 384 321 323 91 497 47 590 224 522 400 123 225 109 182 253 439 356 248 362 558 505 58 330 88 256 160 328 549 483 466 566 442 195 484 277 146 346 325 248 182 477 130 312 365 304 560 226 178 225 458 -1 260 336 605 421 243 311 312 574 543 536 278 470 200 428 241 279 671 513 199 122 278 307 584 539 412 382 517 387 102 406 509 591 522 
676 662 755 632 276 389 106 554 600 251 205 585 559 624 383 938 581 541 520 211 750 244 847 41 782 595 384 461 365 442 502 508 382 167 441 816 700 318 467 177 273 164 559 691 711 710 779 614 441 741 378 195 324 499 296 111 736 377 564 557 224 812 337 390 450 712 260 -1 84 842 433 120 315 350 641 780 795 537 726 295 564 500 274 924 762 208 317 509 567 618 798 670 614 734 465 274 151 749 851 779 
729 737 826 717 270 453 94 636 685 315 151 661 597 650 466 1017 666 595 567 274 830 314 926 125 857 639 459 544 436 518 568 583 454 240 457 887 784 394 499 249 351 213 643 714 765 771 864 698 507 820 406 280 391 583 318 195 814 445 630 642 214 893 372 447 534 780 336 84 -1 925 500 193 388 426 713 864 867 609 794 378 645 577 282 1005 844 240 376 568 643 684 875 741 672 783 542 333 114 832 926 847 
599 309 352 249 902 687 888 399 248 661 986 516 719 826 508 212 292 591 652 692 159 644 192 801 281 674 499 382 539 450 496 553 625 737 847 369 229 551 760 692 644 763 282 865 589 506 136 322 526 205 779 653 687 383 807 735 240 554 465 318 901 123 749 614 391 422 605 842 925 -1 650 767 654 610 576 61 343 421 404 577 415 390 855 153 124 792 643 558 361 648 229 383 554 648 540 665 963 97 303 407 
830 648 761 401 674 52 535 252 422 490 638 187 801 903 197 826 363 715 733 478 644 459 753 403 746 806 468 398 493 496 614 111 64 266 776 821 432 434 752 433 176 504 429 970 852 807 534 331 574 664 692 297 109 282 642 346 680 525 654 339 633 687 641 592 370 764 421 433 500 650 -1 312 121 109 216 599 790 593 765 222 240 512 651 785 635 564 544 666 578 185 732 703 755 899 110 520 461 588 813 810 
692 626 728 541 378 270 223 447 519 270 325 468 602 684 279 884 491 559 551 238 692 250 796 92 744 629 357 397 352 412 496 390 262 47 518 791 605 293 524 190 157 227 487 751 724 709 691 513 438 691 444 118 204 403 372 65 692 373 555 465 330 752 396 409 380 698 243 120 193 767 312 -1 196 232 521 706 766 515 708 195 454 461 365 863 700 285 340 519 533 498 752 648 624 756 348 300 197 679 815 760 
742 594 706 408 552 93 415 282 409 375 520 275 696 794 148 807 362 620 632 360 618 345 727 284 702 707 377 340 395 415 527 195 66 148 658 768 458 333 640 314 56 382 398 861 767 731 554 358 481 629 576 178 39 271 523 224 640 426 574 336 512 669 524 488 314 697 311 315 388 654 121 196 -1 46 325 597 739 518 702 123 282 443 530 774 615 443 434 572 514 305 696 639 668 810 159 406 365 579 772 750 
727 564 677 364 574 102 447 236 367 381 553 235 693 794 110 768 318 609 626 371 579 350 689 316 669 699 363 310 386 396 512 158 44 186 668 738 412 326 643 327 77 401 360 861 751 710 509 312 469 593 584 193 76 228 537 252 606 418 555 292 536 629 532 484 283 672 312 350 426 610 109 232 46 -1 292 555 708 496 675 113 236 418 548 733 576 461 435 560 487 281 661 613 653 796 116 411 408 537 738 723 
915 676 784 356 863 268 739 221 408 650 845 84 925 1035 313 778 343 820 852 648 623 619 724 608 749 917 580 464 616 588 707 137 258 474 936 836 347 568 896 610 370 688 445 1098 929 869 442 271 683 656 851 480 323 307 816 544 682 649 732 331 827 649 801 724 438 809 574 641 713 576 216 521 325 292 -1 540 804 665 804 383 195 582 834 726 603 746 691 770 632 77 720 747 842 984 188 677 677 544 808 840 
561 267 327 199 842 634 827 351 189 601 925 475 671 781 451 238 238 543 603 631 126 583 193 740 261 630 439 321 480 391 443 506 571 677 793 354 193 490 708 631 585 702 221 823 554 473 119 277 471 173 723 592 632 327 748 674 210 496 417 263 841 116 691 557 330 390 543 780 864 61 599 706 597 555 540 -1 324 369 374 517 370 333 796 187 91 732 584 508 308 610 214 345 511 615 489 606 903 40 297 384 
291 144 41 452 745 807 800 585 395 554 874 725 452 541 598 227 460 343 405 594 200 553 164 760 62 395 413 398 430 355 306 727 741 756 625 32 488 479 528 619 703 662 365 564 269 188 441 535 364 156 582 651 778 515 641 713 123 423 247 474 764 219 571 443 425 115 536 795 867 343 790 766 739 708 804 324 -1 258 93 624 610 305 697 265 233 665 503 337 233 860 113 128 276 324 692 542 942 296 73 67 
250 137 217 369 506 598 543 447 299 297 622 581 308 421 395 430 347 181 236 337 273 295 340 503 252 276 158 201 172 105 74 558 535 509 426 279 435 223 339 360 474 406 239 472 264 214 445 430 115 243 363 403 557 357 404 458 223 167 67 347 518 334 339 203 230 183 278 537 609 421 593 515 518 496 665 369 258 -1 193 395 474 83 458 436 302 414 252 140 60 705 280 134 179 318 512 287 684 328 318 245 
203 128 58 465 657 777 723 583 401 479 792 723 359 450 569 317 463 251 312 520 248 482 245 693 132 302 351 367 361 297 226 714 711 702 532 98 513 415 435 549 661 585 358 477 186 103 483 544 287 201 491 596 741 503 554 651 164 349 164 473 680 284 484 359 395 22 470 726 794 404 765 708 702 675 804 374 93 193 -1 582 609 258 610 349 283 583 423 248 188 855 185 62 182 245 674 464 875 339 167 52 
619 479 589 346 481 211 377 259 328 272 485 312 580 681 88 711 296 498 513 266 518 240 626 255 591 587 254 228 274 292 404 245 157 160 559 652 409 213 531 227 79 306 303 748 644 608 496 320 358 525 475 104 162 208 433 184 531 305 451 270 449 574 423 371 205 576 200 295 378 577 222 195 123 113 383 517 624 395 582 -1 270 323 451 683 521 363 323 450 395 385 590 520 545 687 194 301 392 493 662 631 
724 481 590 173 740 284 647 26 216 505 756 114 748 860 183 604 150 636 673 513 436 475 541 525 557 735 406 277 446 405 521 137 232 411 782 643 192 407 730 484 299 566 250 921 737 675 294 93 503 466 697 375 304 118 677 455 490 478 541 136 714 469 649 555 253 613 428 564 645 415 240 454 282 236 195 370 610 474 609 270 -1 391 704 558 420 619 534 586 438 250 532 552 652 792 133 528 642 366 618 645 
332 164 268 297 512 520 522 365 228 280 610 498 373 488 315 441 270 251 299 316 261 269 349 463 283 349 118 118 152 62 135 474 456 450 465 332 367 182 386 329 403 388 166 542 348 295 391 352 142 244 391 345 483 274 416 410 236 163 150 268 516 325 358 225 146 254 241 500 577 390 512 461 443 418 582 333 305 83 258 323 391 -1 466 435 283 408 253 204 72 621 298 196 260 401 429 279 642 294 354 308 
492 596 656 707 47 619 188 686 653 205 199 763 334 371 528 888 662 371 325 191 724 232 798 277 706 386 358 494 316 405 394 696 590 402 174 709 782 317 229 224 475 147 595 433 531 558 835 722 342 699 138 355 552 605 56 311 681 302 451 644 80 787 127 256 500 591 279 274 282 855 651 365 530 548 834 796 697 458 610 451 704 466 -1 893 748 87 212 362 510 830 739 570 451 535 645 192 396 758 766 660 
553 301 291 386 941 817 956 539 366 716 1046 663 700 798 626 63 421 580 643 751 174 704 105 884 217 648 553 466 587 497 507 694 753 839 855 282 378 614 762 760 756 823 380 827 534 451 289 465 551 194 798 746 810 507 841 823 215 594 461 446 949 112 776 639 483 371 671 924 1005 153 785 863 774 733 726 187 265 436 349 683 558 435 893 -1 163 842 683 558 383 797 167 352 525 589 675 713 1056 196 202 332 
475 184 235 248 795 664 798 398 212 561 891 531 595 702 467 192 274 467 529 595 35 547 121 722 171 550 398 303 435 344 376 551 598 676 728 263 265 456 640 601 595 667 218 740 466 384 207 332 412 82 663 583 652 353 697 660 119 446 342 295 799 53 636 500 320 300 513 762 844 124 635 700 615 576 603 91 233 302 283 521 420 283 748 163 -1 691 535 436 243 668 126 258 429 526 527 562 893 63 212 292 
493 551 623 630 121 533 150 601 579 131 208 675 357 416 442 843 584 363 329 108 670 153 751 203 666 400 293 421 255 346 358 609 502 319 235 681 705 244 260 136 388 60 524 482 531 545 763 640 301 649 170 267 466 522 88 227 635 249 419 565 108 733 132 224 424 566 199 208 240 792 564 285 443 461 746 732 665 414 583 363 619 408 87 842 691 -1 162 342 461 743 694 537 441 544 558 129 348 696 730 635 
359 389 461 508 259 527 299 512 449 69 371 612 266 360 378 681 466 224 211 107 512 92 590 293 503 289 149 292 105 192 197 559 479 356 248 519 583 126 207 151 378 163 388 427 393 394 628 534 138 489 163 263 467 423 164 275 473 89 258 452 266 576 117 72 302 407 122 317 376 643 544 340 434 435 691 584 503 252 423 323 534 253 212 683 535 162 -1 192 300 705 532 375 297 419 506 43 468 546 568 475 
173 258 296 501 409 661 488 561 432 258 548 686 169 284 475 542 474 50 96 298 406 271 456 482 353 148 197 309 177 181 69 651 603 526 296 347 570 240 204 337 520 354 370 338 205 203 585 555 91 370 245 423 610 467 306 455 343 149 97 470 434 464 235 120 333 228 278 509 568 558 666 519 572 560 770 508 337 140 248 450 586 204 362 558 436 342 192 -1 200 800 394 213 106 240 601 235 660 468 408 297 
291 94 196 319 558 588 583 411 249 338 667 548 366 479 381 381 302 238 295 376 215 331 290 531 214 332 183 179 209 125 134 532 523 523 486 259 382 249 399 394 475 447 193 527 300 237 386 386 169 189 420 418 553 325 458 481 173 212 116 306 567 278 394 258 208 185 307 567 643 361 578 533 514 487 632 308 233 60 188 395 438 72 510 383 243 461 300 200 -1 676 234 125 225 357 490 332 712 268 284 236 
953 729 839 419 856 231 720 275 466 657 823 136 949 1057 329 847 401 850 878 651 686 626 789 588 808 946 606 503 638 621 741 149 241 451 945 893 419 585 912 608 356 683 497 1121 970 914 515 335 711 716 860 475 294 352 818 530 741 671 771 385 816 715 809 744 475 858 584 618 684 648 185 498 305 281 77 610 860 705 855 385 250 621 830 797 668 743 705 800 676 -1 782 796 879 1022 200 686 638 611 869 893 
388 143 128 364 786 755 817 508 317 572 901 645 532 631 550 150 382 413 476 610 98 565 62 760 53 480 416 361 444 357 346 657 688 735 690 140 390 480 595 626 668 681 302 661 371 288 333 449 396 67 636 635 735 450 684 705 61 445 296 400 799 106 617 482 385 206 539 798 875 229 732 752 696 661 720 214 113 280 185 590 532 298 739 167 126 694 532 394 234 782 -1 185 357 429 628 566 938 190 87 178 
216 80 86 415 618 714 672 526 348 427 746 665 348 448 507 330 408 228 291 467 223 427 248 637 140 297 291 305 305 237 178 654 649 641 507 146 467 357 412 493 599 534 302 483 210 132 447 490 236 178 458 535 679 444 515 592 145 296 119 417 636 271 445 315 333 61 412 670 741 383 703 648 639 613 747 345 128 134 62 520 552 196 570 352 258 537 375 213 125 796 185 -1 174 271 613 414 818 307 196 112 
74 244 239 544 496 754 590 626 475 364 644 758 176 274 560 498 525 80 133 403 395 377 420 588 309 123 290 377 277 260 141 730 694 630 353 277 607 341 256 443 618 458 417 311 100 107 604 609 189 352 322 526 706 535 395 561 319 252 111 526 527 445 325 225 404 160 382 614 672 554 755 624 668 653 842 511 276 179 182 545 652 260 451 525 429 441 297 106 225 879 357 174 -1 143 683 340 766 472 349 221 
69 351 300 675 574 897 695 766 606 488 733 899 204 245 704 549 660 196 215 526 490 506 486 711 375 148 433 519 417 404 285 874 838 765 398 310 733 480 310 569 760 571 551 250 60 142 718 744 329 444 397 663 848 676 482 691 407 389 251 663 614 529 416 347 547 226 517 734 783 648 899 756 810 796 984 615 324 318 245 687 792 401 535 589 526 544 419 240 357 1022 429 271 143 -1 827 461 883 578 392 257 
757 552 665 291 675 151 558 142 314 463 666 121 749 857 129 717 254 651 678 460 537 431 646 429 645 747 406 311 438 423 544 52 100 302 750 723 324 385 713 421 191 500 327 921 776 725 424 222 511 560 664 294 174 177 627 362 578 470 577 231 641 579 614 544 283 675 387 465 542 540 110 348 159 116 188 489 692 512 674 194 133 429 645 675 527 558 506 601 490 200 628 613 683 827 -1 490 524 479 711 717 
402 423 500 516 237 499 258 507 461 31 335 600 303 391 364 714 472 267 252 64 541 60 622 249 540 329 166 302 127 217 237 542 455 318 259 559 591 126 234 110 349 121 402 459 437 438 643 536 177 520 174 231 437 421 152 234 506 120 299 456 236 604 123 115 309 448 102 274 333 665 520 300 406 411 677 606 542 287 464 301 528 279 192 713 562 129 43 235 332 686 566 414 340 461 490 -1 425 568 605 516 
826 806 902 738 385 410 208 637 716 402 253 638 704 762 474 1074 688 692 669 362 884 394 985 181 925 743 529 590 513 587 652 558 427 233 570 964 800 463 608 326 343 312 682 827 862 861 888 707 592 879 517 311 356 600 430 233 877 527 714 662 329 944 480 541 575 862 406 151 114 963 461 197 365 408 677 903 942 684 875 392 642 642 396 1056 893 348 468 660 712 638 938 818 766 883 524 425 -1 874 996 928 
523 229 295 193 805 620 793 345 169 564 890 475 631 741 431 239 225 503 563 595 95 547 180 709 233 590 402 288 442 353 403 500 556 651 753 326 202 455 668 596 563 667 192 784 518 437 145 275 431 141 684 563 614 310 710 644 177 457 377 249 804 104 652 518 300 355 509 749 832 97 588 679 579 537 544 40 296 328 339 493 366 294 758 196 63 696 546 468 268 611 190 307 472 578 479 568 874 -1 276 353 
363 189 112 452 814 835 862 594 403 616 939 732 526 614 628 156 468 417 479 655 186 612 111 815 71 469 467 433 489 409 373 742 768 801 698 82 477 533 601 676 741 724 383 636 339 261 416 536 429 152 653 698 811 533 711 764 133 485 315 485 832 182 641 510 458 189 591 851 926 303 813 815 772 738 808 297 73 318 167 662 618 354 766 202 212 730 568 408 284 869 87 196 349 392 711 605 996 276 -1 136 
227 164 58 495 706 823 775 620 433 532 843 760 395 479 615 292 497 295 354 572 258 534 231 746 125 336 403 413 414 349 279 755 758 754 575 56 537 468 477 601 711 637 396 499 203 125 498 576 339 211 538 647 790 543 603 703 176 402 216 509 730 284 532 410 441 68 522 779 847 407 810 760 750 723 840 384 67 245 52 631 645 308 660 332 292 635 475 297 236 893 178 112 221 257 717 516 928 353 136 -1 
