100
-1 953 164 642 152 986 678 638 672 364 187 139 321 936 463 389 553 121 585 265 442 834 514 258 629 678 292 842 80 558 113 86 435 371 575 548 323 612 369 704 732 643 545 199 528 357 282 600 711 1015 354 769 283 718 566 631 978 581 727 712 490 794 1060 709 599 727 432 765 433 290 516 787 236 538 686 629 413 492 140 574 580 725 421 935 680 462 405 641 549 695 525 272 888 649 664 736 312 786 467 676 
953 -1 1002 690 1093 98 419 762 581 654 903 895 803 196 601 566 838 857 624 757 511 431 752 814 357 279 727 114 908 524 919 892 748 688 447 479 632 360 811 508 614 312 748 837 535 632 827 391 281 67 608 189 785 577 387 412 135 421 236 767 710 398 153 335 358 428 556 194 800 686 826 563 727 497 284 813 706 704 836 422 626 541 707 130 556 635 598 410 668 639 465 687 125 308 886 240 681 353 516 302 
164 1002 -1 567 138 1049 785 546 804 487 103 108 247 1015 441 467 712 162 531 404 499 809 429 412 654 722 279 897 126 675 277 241 361 340 581 652 378 644 526 827 869 689 697 352 513 370 208 621 789 1067 445 828 432 666 620 633 1047 673 767 864 636 777 1123 801 665 837 448 807 589 402 674 736 282 536 756 786 556 425 279 591 717 852 365 1004 635 595 517 742 691 630 618 370 955 713 825 806 321 887 562 706 
642 690 567 -1 704 777 750 71 875 648 475 509 325 811 235 505 964 524 93 664 450 313 138 721 384 481 363 634 563 723 699 648 208 285 300 661 446 404 810 847 944 476 898 691 231 354 366 361 642 755 539 601 715 133 468 300 797 630 493 1030 827 314 843 703 532 804 336 527 851 587 930 192 457 269 596 1002 758 150 626 340 834 888 222 765 136 736 623 700 842 72 603 547 718 548 1070 626 371 799 586 426 
152 1093 138 704 -1 1131 831 684 822 517 230 211 381 1085 562 535 684 236 663 416 582 934 566 403 757 815 392 984 184 711 248 237 496 463 692 701 460 743 506 857 881 780 687 345 633 475 340 725 859 1156 503 912 429 799 706 747 1125 732 862 852 635 899 1205 860 743 880 553 901 570 443 648 869 365 651 832 764 562 559 292 697 730 877 496 1081 765 614 558 794 697 765 676 422 1033 793 791 882 426 938 618 807 
986 98 1049 777 1131 -1 393 848 542 665 954 940 865 118 668 596 812 898 706 771 550 528 829 824 424 335 781 154 948 511 941 920 819 749 517 477 673 421 808 468 565 362 723 853 607 685 885 457 282 75 634 220 794 668 429 489 41 425 300 722 694 492 74 316 387 389 612 259 788 707 805 658 769 566 301 778 702 779 861 488 600 495 776 64 644 629 609 396 645 729 475 715 100 338 849 251 733 307 531 370 
678 419 785 750 831 393 -1 807 168 317 709 679 677 298 545 327 419 622 658 425 332 650 733 465 385 311 570 319 664 129 606 598 686 579 452 132 426 357 425 107 219 295 330 508 521 488 681 397 157 455 340 263 434 698 282 469 366 126 338 358 302 596 451 86 220 57 447 338 398 388 411 727 512 481 188 393 321 676 540 412 207 149 636 329 656 248 272 51 251 737 173 414 301 220 468 200 520 110 224 368 
638 762 546 71 684 848 807 -1 925 682 461 500 316 879 274 546 998 524 151 688 497 382 124 742 449 547 374 704 558 772 705 653 204 303 362 712 476 468 837 902 996 541 937 707 286 383 356 425 706 827 575 669 738 201 527 368 868 684 561 1074 865 385 915 764 592 862 379 597 881 615 963 253 474 326 660 1041 792 161 637 402 879 942 233 835 208 776 663 756 884 136 654 573 788 610 1107 692 392 861 633 494 
672 581 804 875 822 542 168 925 -1 317 746 706 747 435 653 396 278 645 782 406 430 809 837 424 534 471 637 485 678 153 579 586 779 665 588 214 490 503 347 75 71 449 198 479 643 570 741 540 325 609 388 431 395 839 419 614 510 252 502 190 204 754 591 254 365 154 549 505 300 404 281 875 558 608 353 235 263 781 533 549 95 62 730 478 795 209 297 200 138 871 271 442 458 378 306 368 591 235 296 525 
364 654 487 648 517 665 317 682 317 -1 429 389 448 595 412 149 316 327 559 109 222 692 574 159 417 416 341 540 361 194 288 281 504 389 419 193 207 388 181 341 383 379 256 192 434 300 436 402 382 708 109 465 130 655 307 467 649 239 465 409 184 639 734 361 304 363 315 493 206 88 282 709 250 413 370 360 109 524 224 393 234 365 460 606 608 111 56 286 219 666 190 130 564 350 424 416 303 427 139 442 
187 903 103 475 230 954 709 461 746 429 -1 52 150 926 338 385 688 110 433 363 408 707 340 387 553 624 177 801 111 608 282 234 267 237 478 578 290 544 502 761 813 592 661 331 410 271 109 520 700 970 370 733 401 568 525 530 954 593 668 826 595 674 1029 718 574 764 348 709 563 341 650 638 197 433 666 756 513 329 252 490 664 790 266 911 535 541 451 664 644 535 539 303 861 620 803 715 222 807 485 606 
139 895 108 509 211 940 679 500 706 389 52 -1 184 906 351 359 638 62 459 316 391 723 377 337 550 615 181 790 61 573 230 182 300 252 482 546 269 539 452 725 772 582 614 280 421 267 144 518 680 960 338 720 352 594 511 536 938 566 661 779 549 688 1015 693 556 732 345 701 513 302 600 663 173 440 647 708 467 360 201 489 622 752 292 895 558 499 415 635 600 565 511 266 846 604 753 697 217 780 455 602 
321 803 247 325 381 865 677 316 747 448 150 184 -1 853 208 354 745 210 283 416 349 564 192 458 446 529 109 710 241 597 394 343 116 115 360 553 257 444 566 747 817 503 701 413 281 192 41 412 635 871 359 649 463 419 447 407 870 552 568 858 630 536 939 668 506 734 254 610 621 364 708 488 200 312 595 802 549 178 337 381 677 781 118 829 387 558 451 628 667 384 504 320 779 546 859 642 157 763 459 501 
936 196 1015 811 1085 118 298 879 435 595 926 906 853 -1 670 551 709 858 732 704 517 595 844 752 435 337 760 181 907 424 880 864 822 740 528 402 637 423 723 360 452 355 623 787 617 665 869 465 227 192 582 212 721 715 406 512 79 358 318 609 601 553 156 234 351 283 599 283 697 649 705 715 733 574 260 670 618 791 805 493 500 384 776 66 685 544 542 313 547 771 412 663 95 307 739 211 710 200 471 386 
463 601 441 235 562 668 545 274 653 412 338 351 208 670 -1 271 729 342 148 433 223 373 187 493 244 335 171 514 391 499 494 447 152 100 154 440 212 248 577 634 724 315 664 469 73 124 240 211 467 669 303 459 484 264 276 198 678 419 368 799 592 337 742 514 341 601 104 410 616 353 695 329 243 104 423 767 522 131 413 180 605 673 107 639 221 502 389 494 609 259 384 315 588 372 835 464 155 612 358 299 
389 566 467 505 535 596 327 546 396 149 385 359 354 551 271 -1 461 308 415 212 75 546 446 276 280 300 245 454 356 244 354 326 384 269 270 199 99 254 328 392 467 263 393 281 286 174 354 260 324 627 48 380 255 506 185 320 589 207 351 529 321 494 670 334 210 383 169 385 356 128 429 559 187 264 296 496 256 392 269 247 336 427 336 546 459 231 118 280 338 519 154 121 498 259 565 346 196 422 104 313 
553 838 712 964 684 812 419 998 278 316 688 638 745 709 729 461 -1 578 875 330 527 983 887 301 699 667 645 732 591 321 440 470 815 701 721 380 521 668 186 352 291 636 89 360 747 615 725 692 561 874 425 667 287 966 579 763 782 440 710 184 145 928 866 503 548 425 630 725 125 386 37 1016 545 723 575 84 206 839 437 689 212 338 773 747 919 240 345 428 170 981 422 430 721 580 114 605 613 509 405 709 
121 857 162 524 236 898 622 524 645 327 110 62 210 858 342 308 578 -1 465 254 347 714 399 277 521 578 171 749 52 513 185 134 320 249 460 490 224 506 392 665 711 544 551 222 408 242 174 490 631 921 283 678 291 597 470 515 893 512 626 717 487 675 972 640 511 675 319 665 452 241 540 666 129 421 601 646 405 374 142 463 560 692 302 850 558 437 355 580 537 575 457 208 801 560 692 651 194 725 400 570 
585 624 531 93 663 706 658 151 782 559 433 459 283 732 148 415 875 465 -1 581 358 292 136 640 299 397 296 559 508 630 631 582 174 216 211 567 361 317 725 755 851 390 808 614 138 271 324 274 554 691 450 520 632 135 377 220 724 537 414 938 736 276 775 613 441 712 245 451 763 502 842 205 383 177 509 911 668 109 554 251 741 795 167 689 106 645 533 608 750 113 510 463 641 459 980 541 295 710 493 345 
265 757 404 664 416 771 425 688 406 109 363 316 416 704 433 212 330 254 581 -1 287 753 571 64 492 506 320 642 277 299 180 179 494 385 475 302 222 466 151 441 468 469 297 83 471 310 395 472 488 812 163 567 50 692 392 528 756 347 556 463 233 703 841 470 401 469 350 587 204 86 292 752 219 459 474 393 152 527 126 456 315 460 456 714 646 197 162 395 287 693 296 118 671 449 444 521 296 536 240 525 
442 511 499 450 582 550 332 497 430 222 408 391 349 517 223 75 527 347 358 287 -1 471 407 351 205 236 246 402 398 276 420 387 355 247 197 218 122 181 402 413 500 200 454 353 223 157 358 185 292 574 123 330 331 438 124 245 547 205 286 580 384 419 624 319 166 389 119 323 427 202 497 489 219 195 257 556 325 352 333 171 383 451 305 504 392 290 182 281 392 457 163 187 455 213 627 306 195 414 136 242 
834 431 809 313 934 528 650 382 809 692 707 723 564 595 373 546 983 714 292 753 471 -1 426 818 283 338 544 416 764 680 854 809 463 471 278 613 543 315 873 758 868 359 900 809 306 479 602 291 502 487 594 418 800 180 404 225 558 561 316 992 837 55 582 576 446 692 413 331 894 667 956 139 604 301 463 995 790 401 768 299 803 799 445 536 187 742 647 609 827 245 563 641 500 431 1070 468 522 655 578 284 
514 752 429 138 566 829 733 124 837 574 340 377 192 844 187 446 887 399 136 571 407 426 -1 622 409 506 253 678 434 683 580 529 80 186 315 626 367 421 721 820 908 492 831 585 227 275 233 379 650 819 469 631 621 255 461 340 843 607 531 975 758 412 900 701 527 789 288 570 768 502 852 322 353 270 605 934 683 56 514 351 783 859 115 807 238 674 560 682 783 206 570 458 757 554 998 643 275 799 540 460 
258 814 412 721 403 824 465 742 424 159 387 337 458 752 493 276 301 277 640 64 351 818 622 -1 556 568 370 699 289 336 155 173 544 439 540 349 283 530 115 468 480 531 286 60 533 369 433 536 541 868 227 624 31 753 455 593 807 398 618 454 232 767 893 517 460 505 413 648 177 150 264 814 268 523 530 374 161 580 135 521 330 482 509 765 708 223 215 440 294 753 350 179 724 508 416 576 350 576 297 588 
629 357 654 384 757 424 385 449 534 417 553 550 446 435 244 280 699 521 299 492 205 283 409 556 -1 98 375 270 573 398 621 584 394 330 94 331 308 31 598 490 598 94 617 559 183 283 471 33 260 425 329 222 535 313 120 85 435 282 124 712 554 228 497 325 168 434 205 165 614 407 674 341 394 141 214 711 510 357 534 64 520 532 351 398 273 459 368 339 544 357 280 391 348 169 786 242 333 418 295 54 
678 279 722 481 815 335 311 547 471 416 624 615 529 337 335 300 667 578 397 506 236 338 506 568 98 -1 448 180 630 351 654 623 487 414 191 287 355 87 591 419 530 37 581 581 279 353 551 127 170 345 347 125 543 402 114 180 342 230 50 657 524 284 409 241 119 355 278 86 597 427 646 421 449 237 127 669 494 453 569 156 473 461 443 303 365 434 362 271 503 450 246 421 253 93 745 146 402 328 280 58 
292 727 279 363 392 781 570 374 637 341 177 181 109 760 171 245 645 171 296 320 246 544 253 370 375 448 -1 627 219 488 336 286 174 79 301 444 147 367 471 638 708 418 596 332 240 95 111 342 538 794 249 561 370 426 355 355 783 446 491 751 525 507 856 565 409 627 171 532 522 260 608 495 101 258 500 699 445 215 263 312 568 672 142 741 387 449 342 521 559 408 397 215 691 452 758 548 51 659 350 428 
842 114 897 634 984 154 319 704 485 540 801 790 710 181 514 454 732 749 559 642 402 416 678 699 270 180 627 -1 800 414 805 780 665 594 364 366 524 266 698 416 526 208 642 722 454 531 731 303 171 173 495 75 671 534 278 339 165 308 147 674 601 372 229 232 244 337 458 107 688 572 719 534 620 412 169 712 593 627 723 333 521 452 621 130 506 523 484 303 562 592 350 575 85 195 787 128 580 272 402 217 
80 908 126 563 184 948 664 558 678 361 111 61 241 907 391 356 591 52 508 277 398 764 434 289 573 630 219 800 -1 552 171 125 356 295 511 532 276 559 404 703 742 596 572 230 458 293 202 542 680 972 328 728 307 642 522 567 943 558 678 739 510 725 1022 686 561 716 371 717 467 278 553 711 181 472 651 663 430 413 154 515 590 727 343 900 604 468 394 623 565 617 502 250 851 610 705 701 245 769 444 622 
558 524 675 723 711 511 129 772 153 194 608 573 597 424 499 244 321 513 630 299 276 680 683 336 398 351 488 414 552 -1 480 476 625 512 442 66 340 367 298 153 225 323 232 381 492 417 594 399 243 567 241 347 305 694 278 473 488 121 391 315 186 624 574 195 235 169 395 404 277 273 305 734 415 458 254 317 193 627 418 404 122 184 576 449 649 119 158 115 152 722 122 306 414 261 393 286 440 240 142 398 
113 919 277 699 248 941 606 705 579 288 282 230 394 880 494 354 440 185 631 180 420 854 580 155 621 654 336 805 171 480 -1 51 500 415 581 481 315 599 259 619 635 617 438 100 551 376 359 595 660 978 310 731 183 758 540 638 929 522 705 604 387 808 1013 648 561 650 440 739 323 234 404 824 251 553 641 519 316 550 87 573 485 635 476 886 716 373 338 574 450 744 468 233 841 611 551 690 339 716 411 662 
86 892 241 648 237 920 598 653 586 281 234 182 343 864 447 326 470 134 582 179 387 809 529 173 584 623 286 780 125 476 51 -1 449 365 540 470 276 564 285 620 646 587 459 113 505 330 309 557 641 953 285 706 196 710 509 596 909 506 673 627 403 765 992 634 535 645 398 709 349 214 433 776 205 509 619 545 327 499 58 534 493 640 426 866 668 377 326 563 462 694 451 205 820 585 583 668 291 707 393 627 
435 748 361 208 496 819 686 204 779 504 267 300 116 822 152 384 815 320 174 494 355 463 80 544 394 487 174 665 356 625 500 449 -1 115 301 572 298 400 645 768 850 467 761 506 212 209 157 361 617 816 402 611 544 307 426 337 829 559 518 909 689 441 891 662 490 743 239 559 694 428 779 376 275 252 574 864 612 64 434 331 720 805 49 790 280 607 495 635 717 269 518 384 740 523 926 616 201 759 483 448 
371 688 340 285 463 749 579 303 665 389 237 252 115 740 100 269 701 249 216 385 247 471 186 439 330 414 79 594 295 512 415 365 115 -1 246 461 182 328 535 657 736 388 646 405 173 95 142 297 525 755 287 534 435 347 335 296 755 453 452 794 573 437 823 562 396 636 141 494 581 315 665 416 172 199 484 749 497 141 340 266 604 694 71 715 309 491 379 529 601 328 409 272 664 434 812 529 89 659 370 385 
575 447 581 300 692 517 452 362 588 419 478 482 360 528 154 270 721 460 211 475 197 278 315 540 94 191 301 364 511 442 581 540 301 246 -1 376 267 107 599 553 655 179 644 532 89 218 389 64 343 515 317 316 522 252 171 56 529 337 217 756 576 228 590 403 233 505 142 258 624 389 692 295 339 49 298 743 521 263 495 40 560 594 260 492 207 481 378 403 577 284 320 364 442 248 817 331 266 499 318 147 
548 479 652 661 701 477 132 712 214 193 578 546 553 402 440 199 380 490 567 302 218 613 626 349 331 287 444 366 532 66 481 470 572 461 376 -1 298 300 332 196 284 258 293 386 429 367 553 332 198 527 208 295 319 628 212 406 458 60 329 381 240 558 544 168 169 185 338 345 322 257 361 667 381 394 200 382 227 570 411 338 189 233 523 417 583 156 143 93 215 658 57 282 378 200 458 238 395 237 94 333 
323 632 378 446 460 673 426 476 490 207 290 269 257 637 212 99 521 224 361 222 122 543 367 283 308 355 147 524 276 340 315 276 298 182 267 298 -1 289 364 491 561 320 463 267 250 93 255 281 411 696 104 453 272 470 246 323 669 305 404 611 391 496 747 428 287 482 131 442 405 141 486 531 96 243 378 567 316 317 228 258 424 524 253 626 425 309 198 378 419 472 252 103 577 335 631 428 101 519 203 353 
612 360 644 404 743 421 357 468 503 388 544 539 444 423 248 254 668 506 317 466 181 315 421 530 31 87 367 266 559 367 599 564 400 328 107 300 289 -1 569 461 568 72 585 534 194 273 467 43 237 427 302 211 508 341 89 112 429 252 124 681 523 259 495 300 138 407 196 165 584 382 643 371 378 151 192 680 480 367 512 69 489 503 356 390 299 428 339 310 512 382 248 368 340 143 755 224 323 394 265 63 
369 811 526 810 506 808 425 837 347 181 502 452 566 723 577 328 186 392 725 151 402 873 721 115 598 591 471 698 404 298 259 285 645 535 599 332 364 569 -1 403 393 556 181 173 607 456 543 584 531 860 283 625 103 829 486 648 786 389 640 345 142 821 872 492 475 455 486 664 64 223 148 886 370 590 529 260 105 676 250 574 252 408 606 746 783 179 231 412 209 835 351 263 709 518 301 570 445 533 311 621 
704 508 827 847 857 468 107 902 75 341 761 725 747 360 634 392 352 665 755 441 413 758 820 468 490 419 638 416 703 153 619 620 768 657 553 196 491 461 403 -1 112 401 269 518 616 563 746 500 263 535 394 366 437 801 382 573 435 217 445 259 264 703 516 189 323 80 532 444 362 424 352 832 568 578 296 310 309 764 564 513 153 41 719 404 758 245 310 151 200 838 250 458 384 327 381 304 589 160 288 475 
732 614 869 944 881 565 219 996 71 383 813 772 817 452 724 467 291 711 851 468 500 868 908 480 598 530 708 526 742 225 635 646 850 736 655 284 561 568 393 112 -1 510 225 536 713 641 811 605 375 636 458 479 452 906 485 679 530 318 558 156 251 814 608 301 429 189 620 557 339 471 303 939 628 676 408 230 319 852 594 616 152 73 801 503 862 273 367 259 186 939 341 511 489 437 291 417 662 261 367 585 
643 312 689 476 780 362 295 541 449 379 592 582 503 355 315 263 636 544 390 469 200 359 492 531 94 37 418 208 596 323 617 587 467 388 179 258 320 72 556 401 510 -1 550 543 265 322 523 115 166 377 309 145 506 407 77 180 367 203 87 632 492 304 437 231 88 342 250 122 562 390 614 432 414 221 120 640 459 437 532 141 446 443 422 326 367 400 326 251 474 452 214 384 275 75 716 152 371 324 245 75 
545 748 697 898 687 723 330 937 198 256 661 614 701 623 664 393 89 551 808 297 454 900 831 286 617 581 596 642 572 232 438 459 761 646 644 293 463 585 181 269 225 550 -1 346 676 556 685 612 472 785 362 577 264 892 496 684 695 352 622 167 72 845 779 413 462 339 562 636 119 336 83 940 501 649 486 103 151 780 417 611 123 260 717 659 846 163 275 339 80 911 338 381 632 493 172 515 560 423 326 624 
199 837 352 691 345 853 508 707 479 192 331 280 413 787 469 281 360 222 614 83 353 809 585 60 559 581 332 722 230 381 100 113 506 405 532 386 267 534 173 518 536 543 346 -1 516 345 385 536 571 894 234 647 84 733 466 587 839 430 631 514 291 761 924 553 479 551 398 664 237 153 322 796 233 510 555 433 217 546 79 518 385 535 473 797 689 273 245 478 352 727 378 169 753 529 474 603 320 618 322 595 
528 535 513 231 633 607 521 286 643 434 410 421 281 617 73 286 747 408 138 471 223 306 227 533 183 279 240 454 458 492 551 505 212 173 89 429 250 194 607 616 713 265 676 516 -1 175 313 152 425 603 326 404 521 221 241 127 619 399 307 802 606 267 679 480 306 576 121 347 640 387 715 280 300 43 380 779 542 173 467 124 605 657 173 581 175 513 402 470 615 234 372 354 531 329 849 416 216 577 357 236 
357 632 370 354 475 685 488 383 570 300 271 267 192 665 124 174 615 242 271 310 157 479 275 369 283 353 95 531 293 417 376 330 209 95 218 367 93 273 456 563 641 322 556 345 175 -1 203 251 444 699 194 466 361 387 259 273 687 361 397 701 483 437 760 476 315 544 78 438 498 233 580 451 125 181 406 659 409 224 292 222 510 599 162 645 343 399 286 438 508 383 315 193 595 357 724 453 49 571 275 335 
282 827 208 366 340 885 681 356 741 436 109 144 41 869 240 354 725 174 324 395 358 602 233 433 471 551 111 731 202 594 359 309 157 142 389 553 255 467 543 746 811 523 685 385 313 203 -1 437 648 895 353 667 440 459 463 438 889 557 591 844 615 572 960 676 519 737 273 633 599 349 687 529 185 341 610 785 533 219 307 406 668 778 157 848 427 547 444 632 655 425 507 306 797 561 839 657 162 770 459 525 
600 391 621 361 725 457 397 425 540 402 520 518 412 465 211 260 692 490 274 472 185 291 379 536 33 127 342 303 542 399 595 557 361 297 64 332 281 43 584 500 605 115 612 536 152 251 437 -1 281 459 309 252 516 301 120 74 467 287 157 714 547 237 530 343 177 448 172 198 603 386 665 335 364 110 235 708 499 326 507 31 520 542 318 429 258 452 356 349 541 340 278 367 379 187 783 267 301 438 287 88 
711 281 789 642 859 282 157 706 325 382 700 680 635 227 467 324 561 631 554 488 292 502 650 541 260 170 538 171 680 243 660 641 617 525 343 198 411 237 531 263 375 166 472 571 425 444 648 281 -1 329 357 107 512 571 191 346 269 143 186 515 430 449 353 75 129 191 384 181 518 427 548 591 507 382 45 545 425 594 582 303 352 303 569 226 533 354 326 133 391 617 192 438 182 96 621 43 487 158 249 228 
1015 67 1067 755 1156 75 455 827 609 708 970 960 871 192 669 627 874 921 691 812 574 487 819 868 425 345 794 173 972 567 978 953 816 755 515 527 696 427 860 535 636 377 785 894 603 699 895 459 329 -1 668 247 839 639 450 479 116 472 303 792 752 457 97 373 417 455 623 261 844 744 865 621 792 564 338 844 754 771 896 490 662 564 775 133 620 682 652 452 706 702 518 748 153 367 916 291 748 376 572 370 
354 608 445 539 503 634 340 575 388 109 370 338 359 582 303 48 425 283 450 163 123 594 469 227 329 347 249 495 328 241 310 285 402 287 317 208 104 302 283 394 458 309 362 234 326 194 353 309 357 668 -1 420 207 547 232 368 625 230 397 507 289 542 707 358 250 394 206 430 314 80 391 602 174 307 333 465 218 418 227 295 319 425 356 581 501 204 93 297 314 557 174 81 535 300 532 383 205 442 117 362 
769 189 828 601 912 220 263 669 431 465 733 720 649 212 459 380 667 678 520 567 330 418 631 624 222 125 561 75 728 347 731 706 611 534 316 295 453 211 625 366 479 145 577 647 404 466 667 252 107 247 420 -1 596 513 208 301 221 236 110 622 533 368 295 178 170 290 395 86 618 497 652 522 549 362 96 652 521 578 648 281 458 405 566 180 479 452 409 240 497 566 276 500 130 120 728 63 513 240 327 175 
283 785 432 715 429 794 434 738 395 130 401 352 463 721 484 255 287 291 632 50 331 800 621 31 535 543 370 671 307 305 183 196 544 435 522 319 272 508 103 437 452 506 264 84 521 361 440 516 512 839 207 596 -1 742 431 575 777 369 593 432 206 749 863 487 433 474 399 622 161 134 249 801 268 508 501 355 132 577 153 502 301 452 506 735 696 192 187 409 267 744 321 168 694 481 402 547 346 545 269 565 
718 577 666 133 799 668 698 201 839 655 568 594 419 715 264 506 966 597 135 692 438 180 255 753 313 402 426 534 642 694 758 710 307 347 252 628 470 341 829 801 906 407 892 733 221 387 459 301 571 639 547 513 742 -1 420 228 693 587 402 1008 823 186 731 639 478 748 343 432 861 609 935 69 507 243 527 993 762 242 678 290 812 843 302 663 46 728 620 650 827 65 572 574 620 483 1065 548 419 730 568 344 
566 387 620 468 706 429 282 527 419 307 525 511 447 406 276 185 579 470 377 392 124 404 461 455 120 114 355 278 522 278 540 509 426 335 171 212 246 89 486 382 485 77 496 466 241 259 463 120 191 450 232 208 431 420 -1 195 428 167 165 593 434 349 503 239 65 335 193 200 497 312 554 456 341 200 149 591 393 405 454 130 400 423 378 386 376 339 254 232 423 455 159 306 336 99 666 194 305 337 177 135 
631 412 633 300 747 489 469 368 614 467 530 536 407 512 198 320 763 515 220 528 245 225 340 593 85 180 355 339 567 473 638 596 337 296 56 406 323 112 648 573 679 180 684 587 127 273 438 74 346 479 368 301 575 228 195 -1 505 361 194 788 618 174 559 411 250 519 199 232 670 442 735 261 395 97 300 781 567 291 551 74 594 615 300 469 187 522 423 422 614 271 352 418 421 254 855 326 321 504 358 126 
978 135 1047 797 1125 41 366 868 510 649 954 938 870 79 678 589 782 893 724 756 547 558 843 807 435 342 783 165 943 488 929 909 829 755 529 458 669 429 786 435 530 367 695 839 619 687 889 467 269 116 625 221 777 693 428 505 -1 409 312 687 669 520 86 294 382 357 616 273 764 696 777 685 766 577 292 746 680 792 851 498 572 461 785 43 667 607 594 374 617 752 461 706 92 334 816 242 734 274 518 383 
581 421 673 630 732 425 126 684 252 239 593 566 552 358 419 207 440 512 537 347 205 561 607 398 282 230 446 308 558 121 522 506 559 453 337 60 305 252 389 217 318 203 352 430 399 361 557 287 143 472 230 236 369 587 167 361 409 -1 270 430 300 506 494 128 115 183 320 285 382 291 421 622 395 360 140 438 285 550 447 297 243 258 509 367 543 216 185 76 273 621 55 309 325 140 514 181 395 214 114 278 
727 236 767 493 862 300 338 561 502 465 668 661 568 318 368 351 710 626 414 556 286 316 531 618 124 50 491 147 678 391 705 673 518 452 217 329 404 124 640 445 558 87 622 631 307 397 591 157 186 303 397 110 593 402 165 194 312 270 -1 690 568 264 373 260 165 376 320 41 643 477 690 413 496 266 149 707 541 480 619 188 511 486 476 275 369 479 411 302 544 456 292 471 227 129 784 152 446 339 329 70 
712 767 864 1030 852 722 358 1074 190 409 826 779 858 609 799 529 184 717 938 463 580 992 975 454 712 657 751 674 739 315 604 627 909 794 756 381 611 681 345 259 156 632 167 514 802 701 844 714 515 792 507 622 432 1008 593 788 687 430 690 -1 231 936 764 444 546 339 696 694 282 494 212 1049 659 770 542 101 313 922 584 719 196 227 863 659 963 302 414 388 192 1034 436 538 643 564 141 559 711 416 444 708 
490 710 636 827 635 694 302 865 204 184 595 549 630 601 592 321 145 487 736 233 384 837 758 232 554 524 525 601 510 186 387 403 689 573 576 240 391 523 142 264 251 492 72 291 606 483 615 547 430 752 289 533 206 823 434 618 669 300 568 231 -1 782 754 379 405 323 491 585 98 265 121 872 430 580 438 176 82 707 357 544 110 266 644 631 776 95 203 300 66 840 278 310 599 439 243 473 487 405 260 565 
794 398 777 314 899 492 596 385 754 639 674 688 536 553 337 494 928 675 276 703 419 55 412 767 228 284 507 372 725 624 808 765 441 437 228 558 496 259 821 703 814 304 845 761 267 437 572 237 449 457 542 368 749 186 349 174 520 506 264 936 782 -1 551 523 390 638 367 281 840 617 902 165 561 256 409 939 736 381 722 247 747 745 418 495 179 687 593 554 772 251 508 592 457 376 1015 416 481 603 523 228 
1060 153 1123 843 1205 74 451 915 591 734 1029 1015 939 156 742 670 866 972 775 841 624 582 900 893 497 409 856 229 1022 574 1013 992 891 823 590 544 747 495 872 516 608 437 779 924 679 760 960 530 353 97 707 295 863 731 503 559 86 494 373 764 754 551 -1 380 461 440 687 332 850 779 861 716 844 639 373 827 766 850 934 561 656 540 849 127 709 693 679 460 702 793 545 788 171 412 896 323 807 356 602 443 
709 335 801 703 860 316 86 764 254 361 718 693 668 234 514 334 503 640 613 470 319 576 701 517 325 241 565 232 686 195 648 634 662 562 403 168 428 300 492 189 301 231 413 553 480 476 676 343 75 373 358 178 487 639 239 411 294 128 260 444 379 523 380 -1 173 116 423 256 472 419 492 662 521 438 114 480 386 644 575 362 291 228 613 254 599 313 309 80 333 683 184 438 220 156 555 115 514 98 242 299 
599 358 665 532 743 387 220 592 365 304 574 556 506 351 341 210 548 511 441 401 166 446 527 460 168 119 409 244 561 235 561 535 490 396 233 169 287 138 475 323 429 88 462 479 306 315 519 177 129 417 250 170 433 478 65 250 382 115 165 546 405 390 461 173 -1 272 254 189 478 328 526 510 384 265 91 552 376 471 478 192 357 364 442 339 436 314 248 172 385 516 127 330 290 49 628 140 358 271 165 163 
727 428 837 804 880 389 57 862 154 363 764 732 734 283 601 383 425 675 712 469 389 692 789 505 434 355 627 337 716 169 650 645 743 636 505 185 482 407 455 80 189 342 339 551 576 544 737 448 191 455 394 290 474 748 335 519 357 183 376 339 323 638 440 116 272 -1 504 371 421 438 422 774 567 535 228 389 354 732 587 464 218 115 693 325 707 283 322 107 265 788 230 467 304 266 460 230 576 83 279 413 
432 556 448 336 553 612 447 379 549 315 348 345 254 599 104 169 630 319 245 350 119 413 288 413 205 278 171 458 371 395 440 398 239 141 142 338 131 196 486 532 620 250 562 398 121 78 273 172 384 623 206 395 399 343 193 199 616 320 320 696 491 367 687 423 254 504 -1 361 521 266 597 401 196 112 342 666 424 232 355 144 500 571 190 575 297 400 287 396 506 351 282 233 524 292 734 388 128 521 254 257 
765 194 807 527 901 259 338 597 505 493 709 701 610 283 410 385 725 665 451 587 323 331 570 648 165 86 532 107 717 404 739 709 559 494 258 345 442 165 664 444 557 122 636 664 347 438 633 198 181 261 430 86 622 432 200 232 273 285 41 694 585 281 332 256 189 371 361 -1 664 510 706 437 536 307 152 717 563 520 654 229 522 484 517 237 401 498 437 307 556 487 313 506 190 146 794 141 487 325 355 111 
433 800 589 851 570 788 398 881 300 206 563 513 621 697 616 356 125 452 763 204 427 894 768 177 614 597 522 688 467 277 323 349 694 581 624 322 405 584 64 362 339 562 119 237 640 498 599 603 518 844 314 618 161 861 497 670 764 382 643 282 98 840 850 472 478 421 521 664 -1 266 87 915 422 620 522 196 104 721 312 596 208 362 653 725 815 166 246 392 162 872 351 309 692 517 240 560 492 502 319 632 
290 686 402 587 443 707 388 615 404 88 341 302 364 649 353 128 386 241 502 86 202 667 502 150 407 427 260 572 278 273 234 214 428 315 389 257 141 382 223 424 471 390 336 153 387 233 349 386 427 744 80 497 134 609 312 442 696 291 477 494 265 617 779 419 328 438 266 510 266 -1 350 667 164 374 407 439 185 455 155 370 322 450 387 653 563 199 116 350 306 612 237 44 607 377 498 456 227 495 178 442 
516 826 674 930 648 805 411 963 281 282 650 600 708 705 695 429 37 540 842 292 497 956 852 264 674 646 608 719 553 305 404 433 779 665 692 361 486 643 148 352 303 614 83 322 715 580 687 665 548 865 391 652 249 935 554 735 777 421 690 212 121 902 861 492 526 422 597 706 87 350 -1 986 508 692 558 116 173 804 399 661 205 343 737 741 888 214 314 416 159 948 400 394 712 561 152 591 577 506 378 686 
787 563 736 192 869 658 727 253 875 709 638 663 488 715 329 559 1016 666 205 752 489 139 322 814 341 421 495 534 711 734 824 776 376 416 295 667 531 371 886 832 939 432 940 796 280 451 529 335 591 621 602 522 801 69 456 261 685 622 413 1049 872 165 716 662 510 774 401 437 915 667 986 -1 573 295 548 1039 814 312 743 330 854 874 372 659 108 776 671 681 872 119 612 634 619 507 1112 564 485 749 614 362 
236 727 282 457 365 769 512 474 558 250 197 173 200 733 243 187 545 129 383 219 219 604 353 268 394 449 101 620 181 415 251 205 275 172 339 381 96 378 370 568 628 414 501 233 300 125 185 364 507 792 174 549 268 507 341 395 766 395 496 659 430 561 844 521 384 567 196 536 422 164 508 573 -1 305 475 602 349 313 171 338 483 598 240 723 464 361 261 467 469 496 341 120 674 432 659 524 88 610 287 442 
538 497 536 269 651 566 481 326 608 413 433 440 312 574 104 264 723 421 177 459 195 301 270 523 141 237 258 412 472 458 553 509 252 199 49 394 243 151 590 578 676 221 649 510 43 181 341 110 382 564 307 362 508 243 200 97 577 360 266 770 580 256 639 438 265 535 112 307 620 374 692 295 305 -1 337 750 519 216 467 81 573 619 210 539 196 485 377 431 586 264 336 344 489 286 822 373 227 535 326 195 
686 284 756 596 832 301 188 660 353 370 666 647 595 260 423 296 575 601 509 474 257 463 605 530 214 127 500 169 651 254 641 619 574 484 298 200 378 192 529 296 408 120 486 555 380 406 610 235 45 338 333 96 501 527 149 300 292 140 149 542 438 409 373 114 91 228 342 152 522 407 558 548 475 337 -1 565 425 550 561 258 370 337 526 249 488 356 314 154 406 572 180 414 201 51 641 50 450 203 233 185 
629 813 786 1002 764 778 393 1041 235 360 756 708 802 670 767 496 84 646 911 393 556 995 934 374 711 669 699 712 663 317 519 545 864 749 743 382 567 680 260 310 230 640 103 433 779 659 785 708 545 844 465 652 355 993 591 781 746 438 707 101 176 939 827 480 552 389 666 717 196 439 116 1039 602 750 565 -1 253 884 508 709 195 288 820 714 947 266 378 412 167 1013 431 483 692 578 76 589 663 471 425 715 
413 706 556 758 562 702 321 792 263 109 513 467 549 618 522 256 206 405 668 152 325 790 683 161 510 494 445 593 430 193 316 327 612 497 521 227 316 480 105 309 319 459 151 217 542 409 533 499 425 754 218 521 132 762 393 567 680 285 541 313 82 736 766 386 376 354 424 563 104 185 173 814 349 519 425 253 -1 633 278 492 168 321 568 640 715 73 143 306 135 775 250 230 603 417 315 465 410 430 215 528 
492 704 425 150 559 779 676 161 781 524 329 360 178 791 131 392 839 374 109 527 352 401 56 580 357 453 215 627 413 627 550 499 64 141 263 570 317 367 676 764 852 437 780 546 173 224 219 326 594 771 418 578 577 242 405 291 792 550 480 922 707 381 850 644 471 732 232 520 721 455 804 312 313 216 550 884 633 -1 479 297 729 803 73 755 216 621 508 625 730 206 514 412 705 499 948 588 230 742 485 409 
140 836 279 626 292 861 540 637 533 224 252 201 337 805 413 269 437 142 554 126 333 768 514 135 534 569 263 723 154 418 87 58 434 340 495 411 228 512 250 564 594 532 417 79 467 292 307 507 582 896 227 648 153 678 454 551 851 447 619 584 357 722 934 575 478 587 355 654 312 155 399 743 171 467 561 508 278 479 -1 486 442 585 406 808 635 323 268 504 413 667 393 148 762 528 551 610 259 648 334 575 
574 422 591 340 697 488 412 402 549 393 490 489 381 493 180 247 689 463 251 456 171 299 351 521 64 156 312 333 515 404 573 534 331 266 40 338 258 69 574 513 616 141 611 518 124 222 406 31 303 490 295 281 502 290 130 74 498 297 188 719 544 247 561 362 192 464 144 229 596 370 661 330 338 81 258 709 492 297 486 -1 524 554 288 459 246 449 349 363 542 324 282 349 409 208 783 293 272 458 285 119 
580 626 717 834 730 600 207 879 95 234 664 622 677 500 605 336 212 560 741 315 383 803 783 330 520 473 568 521 590 122 485 493 720 604 560 189 424 489 252 153 152 446 123 385 605 510 668 520 352 662 319 458 301 812 400 594 572 243 511 196 110 747 656 291 357 218 500 522 208 322 205 854 483 573 370 195 168 729 442 524 -1 156 672 536 767 123 226 218 47 838 242 363 508 382 272 396 525 301 248 521 
725 541 852 888 877 495 149 942 62 365 790 752 781 384 673 427 338 692 795 460 451 799 859 482 532 461 672 452 727 184 635 640 805 694 594 233 524 503 408 41 73 443 260 535 657 599 778 542 303 564 425 405 452 843 423 615 461 258 486 227 266 745 540 228 364 115 571 484 362 450 343 874 598 619 337 288 321 803 585 554 156 -1 756 432 800 262 338 193 200 879 289 486 416 369 355 343 624 188 323 517 
421 707 365 222 496 776 636 233 730 460 266 292 118 776 107 336 773 302 167 456 305 445 115 509 351 443 142 621 343 576 476 426 49 71 260 523 253 356 606 719 801 422 717 473 173 162 157 318 569 775 356 566 506 302 378 300 785 509 476 863 644 418 849 613 442 693 190 517 653 387 737 372 240 210 526 820 568 73 406 288 672 756 -1 746 269 561 448 585 671 273 468 343 696 475 883 569 160 710 434 406 
935 130 1004 765 1081 64 329 835 478 606 911 895 829 66 639 546 747 850 689 714 504 536 807 765 398 303 741 130 900 449 886 866 790 715 492 417 626 390 746 404 503 326 659 797 581 645 848 429 226 133 581 180 735 663 386 469 43 367 275 659 631 495 127 254 339 325 575 237 725 653 741 659 723 539 249 714 640 755 808 459 536 432 746 -1 636 567 552 334 581 722 418 663 50 291 785 199 692 243 475 346 
680 556 635 136 765 644 656 208 795 608 535 558 387 685 221 459 919 558 106 646 392 187 238 708 273 365 387 506 604 649 716 668 280 309 207 583 425 299 783 758 862 367 846 689 175 343 427 258 533 620 501 479 696 46 376 187 667 543 369 963 776 179 709 599 436 707 297 401 815 563 888 108 464 196 488 947 715 216 635 246 767 800 269 636 -1 682 574 608 781 86 527 528 591 442 1019 511 377 692 522 307 
462 635 595 736 614 629 248 776 209 111 541 499 558 544 502 231 240 437 645 197 290 742 674 223 459 434 449 523 468 119 373 377 607 491 481 156 309 428 179 245 273 400 163 273 513 399 547 452 354 682 204 452 192 728 339 522 607 216 479 302 95 687 693 313 314 283 400 498 166 199 214 776 361 485 356 266 73 621 323 449 123 262 561 567 682 -1 113 233 110 747 187 241 531 352 336 395 408 358 164 472 
405 598 517 623 558 609 272 663 297 56 451 415 451 542 389 118 345 355 533 162 182 647 560 215 368 362 342 484 394 158 338 326 495 379 378 143 198 339 231 310 367 326 275 245 402 286 444 356 326 652 93 409 187 620 254 423 594 185 411 414 203 593 679 309 248 322 287 437 246 116 314 671 261 377 314 378 143 508 268 349 226 338 448 552 574 113 -1 237 222 636 134 148 509 294 447 361 298 380 83 390 
641 410 742 700 794 396 51 756 200 286 664 635 628 313 494 280 428 580 608 395 281 609 682 440 339 271 521 303 623 115 574 563 635 529 403 93 378 310 412 151 259 251 339 478 470 438 632 349 133 452 297 240 409 650 232 422 374 76 302 388 300 554 460 80 172 107 396 307 392 350 416 681 467 431 154 412 306 625 504 363 218 193 585 334 608 233 237 -1 258 688 125 374 299 178 488 177 471 145 180 325 
549 668 691 842 697 645 251 884 138 219 644 600 667 547 609 338 170 537 750 287 392 827 783 294 544 503 559 562 565 152 450 462 717 601 577 215 419 512 209 200 186 474 80 352 615 508 655 541 391 706 314 497 267 827 423 614 617 273 544 192 66 772 702 333 385 265 506 556 162 306 159 872 469 586 406 167 135 730 413 542 47 200 671 581 781 110 222 258 -1 849 263 349 552 414 243 435 518 348 259 548 
695 639 630 72 765 729 737 136 871 666 535 565 384 771 259 519 981 575 113 693 457 245 206 753 357 450 408 592 617 722 744 694 269 328 284 658 472 382 835 838 939 452 911 727 234 383 425 340 617 702 557 566 744 65 455 271 752 621 456 1034 840 251 793 683 516 788 351 487 872 612 948 119 496 264 572 1013 775 206 667 324 838 879 273 722 86 747 636 688 849 -1 601 575 677 526 1083 597 408 776 590 393 
525 465 618 603 676 475 173 654 271 190 539 511 504 412 384 154 422 457 510 296 163 563 570 350 280 246 397 350 502 122 468 451 518 409 320 57 252 248 351 250 341 214 338 378 372 315 507 278 192 518 174 276 321 572 159 352 461 55 292 436 278 508 545 184 127 230 282 313 351 237 400 612 341 336 180 431 250 514 393 282 242 289 468 418 527 187 134 125 263 601 -1 254 375 167 506 226 346 268 58 287 
272 687 370 547 422 715 414 573 442 130 303 266 320 663 315 121 430 208 463 118 187 641 458 179 391 421 215 575 250 306 233 205 384 272 364 282 103 368 263 458 511 384 381 169 354 193 306 367 438 748 81 500 168 574 306 418 706 309 471 538 310 592 788 438 330 467 233 506 309 44 394 634 120 344 414 483 230 412 148 349 363 486 343 663 528 241 148 374 349 575 254 -1 616 380 542 464 183 519 195 430 
888 125 955 718 1033 100 301 788 458 564 861 846 779 95 588 498 721 801 641 671 455 500 757 724 348 253 691 85 851 414 841 820 740 664 442 378 577 340 709 384 489 275 632 753 531 595 797 379 182 153 535 130 694 620 336 421 92 325 227 643 599 457 171 220 290 304 524 190 692 607 712 619 674 489 201 692 603 705 762 409 508 416 696 50 591 531 509 299 552 677 375 616 -1 241 764 151 641 228 431 297 
649 308 713 548 793 338 220 610 378 350 620 604 546 307 372 259 580 560 459 449 213 431 554 508 169 93 452 195 610 261 611 585 523 434 248 200 335 143 518 327 437 75 493 529 329 357 561 187 96 367 300 120 481 483 99 254 334 140 129 564 439 376 412 156 49 266 292 146 517 377 561 507 432 286 51 578 417 499 528 208 382 369 475 291 442 352 294 178 414 526 167 380 241 -1 654 95 402 251 211 147 
664 886 825 1070 791 849 468 1107 306 424 803 753 859 739 835 565 114 692 980 444 627 1070 998 416 786 745 758 787 705 393 551 583 926 812 817 458 631 755 301 381 291 716 172 474 849 724 839 783 621 916 532 728 402 1065 666 855 816 514 784 141 243 1015 896 555 628 460 734 794 240 498 152 1112 659 822 641 76 315 948 551 783 272 355 883 785 1019 336 447 488 243 1083 506 542 764 654 -1 665 724 541 498 791 
736 240 806 626 882 251 200 692 368 416 715 697 642 211 464 346 605 651 541 521 306 468 643 576 242 146 548 128 701 286 690 668 616 529 331 238 428 224 570 304 417 152 515 603 416 453 657 267 43 291 383 63 547 548 194 326 242 181 152 559 473 416 323 115 140 230 388 141 560 456 591 564 524 373 50 589 465 588 610 293 396 343 569 199 511 395 361 177 435 597 226 464 151 95 665 -1 498 187 281 204 
312 681 321 371 426 733 520 392 591 303 222 217 157 710 155 196 613 194 295 296 195 522 275 350 333 402 51 580 245 440 339 291 201 89 266 395 101 323 445 589 662 371 560 320 216 49 162 301 487 748 205 513 346 419 305 321 734 395 446 711 487 481 807 514 358 576 128 487 492 227 577 485 88 227 450 663 410 230 259 272 525 624 160 692 377 408 298 471 518 408 346 183 641 402 724 498 -1 608 301 385 
786 353 887 799 938 307 110 861 235 427 807 780 763 200 612 422 509 725 710 536 414 655 799 576 418 328 659 272 769 240 716 707 759 659 499 237 519 394 533 160 261 324 423 618 577 571 770 438 158 376 442 240 545 730 337 504 274 214 339 416 405 603 356 98 271 83 521 325 502 495 506 749 610 535 203 471 430 742 648 458 301 188 710 243 692 358 380 145 348 776 268 519 228 251 541 187 608 -1 325 387 
467 516 562 586 618 531 224 633 296 139 485 455 459 471 358 104 405 400 493 240 136 578 540 297 295 280 350 402 444 142 411 393 483 370 318 94 203 265 311 288 367 245 326 322 357 275 459 287 249 572 117 327 269 568 177 358 518 114 329 444 260 523 602 242 165 279 254 355 319 178 378 614 287 326 233 425 215 485 334 285 248 323 434 475 522 164 83 180 259 590 58 195 431 211 498 281 301 325 -1 312 
676 302 706 426 807 370 368 494 525 442 606 602 501 386 299 313 709 570 345 525 242 284 460 588 54 58 428 217 622 398 662 627 448 385 147 333 353 63 621 475 585 75 624 595 236 335 525 88 228 370 362 175 565 344 135 126 383 278 70 708 565 228 443 299 163 413 257 111 632 442 686 362 442 195 185 715 528 409 575 119 521 517 406 346 307 472 390 325 548 393 287 430 297 147 791 204 385 387 312 -1 
