100
-1 420 672 332 299 368 737 704 338 458 292 235 252 398 180 762 516 547 451 592 431 186 126 644 394 360 467 433 742 216 337 424 372 840 627 831 573 416 296 572 649 429 580 859 554 916 673 378 778 399 515 285 677 358 760 360 624 106 306 341 535 591 157 751 816 664 523 744 334 357 566 385 485 134 711 429 74 117 285 146 71 167 473 251 103 309 323 695 557 313 524 552 647 767 465 405 440 163 339 627 
420 -1 907 98 714 563 677 638 102 477 693 625 429 668 335 823 568 625 396 629 567 599 370 676 148 717 796 733 986 474 550 242 756 778 621 812 713 501 706 768 940 531 890 1131 410 849 645 598 689 813 422 545 887 777 977 218 771 525 301 605 389 679 575 622 1070 534 850 941 342 482 490 685 74 424 565 673 365 326 154 296 369 517 526 658 492 729 713 796 831 691 511 665 600 756 328 776 797 300 366 898 
672 907 -1 875 705 346 544 548 806 471 498 492 489 273 601 352 399 347 564 394 345 693 601 392 776 368 264 249 79 473 365 708 422 581 454 508 234 419 535 146 134 388 184 229 648 622 486 316 602 743 590 394 55 600 92 698 199 653 607 333 651 312 610 654 163 635 240 102 569 425 560 291 981 555 666 247 737 768 764 785 650 505 421 732 728 647 457 270 127 429 484 291 514 474 651 377 333 651 544 83 
332 98 875 -1 620 529 709 670 96 479 615 549 387 622 279 830 568 621 410 635 547 505 302 685 184 651 738 681 953 419 511 274 684 813 637 838 699 488 624 742 895 516 839 1093 450 886 668 560 728 719 448 495 860 690 950 229 757 436 284 557 428 675 489 668 1035 578 794 919 330 458 517 632 153 357 614 632 271 231 114 200 289 447 522 563 398 639 638 793 788 619 524 654 626 778 358 707 732 236 353 857 
299 714 705 620 -1 524 953 927 637 685 207 234 477 475 457 914 715 725 707 783 604 115 398 829 692 337 442 462 754 407 493 713 286 1048 834 1020 705 623 169 662 626 623 549 827 821 1120 883 510 1004 100 771 429 732 132 797 652 741 194 582 450 804 754 166 994 808 915 482 800 598 562 810 433 774 369 962 519 349 390 584 421 363 308 681 67 223 62 247 830 577 277 750 708 868 957 740 333 380 455 594 634 
368 563 346 529 524 -1 436 414 461 200 346 293 144 126 259 401 196 201 271 260 81 461 270 304 439 263 277 199 424 152 32 385 336 526 315 496 205 128 385 217 382 112 343 567 384 597 364 39 490 601 322 95 333 477 423 362 256 391 266 89 378 233 374 498 507 435 321 395 234 93 330 167 637 235 479 113 420 443 418 454 327 229 174 521 451 486 329 328 271 288 254 189 357 433 349 322 315 309 211 335 
737 677 544 709 953 436 -1 39 612 278 782 727 489 531 563 231 239 245 306 181 354 876 611 156 532 689 665 589 602 549 464 437 765 106 121 139 329 330 821 426 662 330 671 747 269 182 72 460 59 1035 260 527 492 914 549 481 346 796 459 522 289 247 794 121 673 159 686 498 417 392 191 580 729 609 158 490 759 760 607 755 672 646 272 941 837 920 763 281 576 723 212 288 90 101 351 742 722 602 404 600 
704 638 548 670 927 414 39 -1 573 247 761 704 459 515 529 253 218 232 269 169 334 847 578 156 493 672 653 577 610 521 441 398 747 143 105 177 325 303 799 423 662 305 666 757 230 219 62 441 76 1011 221 503 498 892 560 442 349 766 422 502 250 242 766 106 683 124 678 509 381 365 153 564 690 579 131 476 724 725 569 719 639 619 246 913 805 896 743 293 571 702 180 280 58 132 312 727 709 566 370 600 
338 102 806 96 637 461 612 573 -1 389 599 530 326 566 234 739 479 534 316 544 469 523 273 594 90 617 693 630 885 372 448 178 658 716 543 742 618 405 615 669 838 435 787 1029 353 790 573 495 631 737 352 443 788 690 877 134 676 444 202 502 331 589 490 572 969 481 748 844 246 383 421 582 177 326 518 570 294 262 56 236 280 420 435 585 422 647 617 707 728 593 430 571 530 683 262 676 696 202 270 795 
458 477 471 479 685 200 278 247 389 -1 531 469 212 324 287 351 90 147 93 156 140 601 333 208 331 462 475 395 548 277 218 248 533 382 172 380 248 72 567 325 546 94 523 701 188 458 215 237 322 772 125 272 438 661 523 259 302 519 200 289 185 202 522 310 632 237 514 481 153 125 131 367 544 331 284 298 483 488 366 486 394 376 51 667 558 658 520 318 438 481 66 193 189 316 180 523 515 329 134 490 
292 693 498 615 207 346 782 761 599 531 -1 71 345 274 375 718 543 543 575 605 428 211 327 646 629 130 239 255 550 271 319 623 92 871 661 834 509 463 41 458 426 455 350 633 693 940 711 324 837 262 637 259 525 131 591 571 540 211 482 262 680 565 150 839 608 769 284 593 483 406 662 230 763 277 815 320 365 409 543 438 325 185 517 237 287 153 43 632 370 70 593 518 703 774 627 137 182 396 471 429 
235 625 492 549 234 293 727 704 530 469 71 -1 277 243 305 680 487 493 508 553 374 201 257 597 558 135 249 242 552 202 263 552 137 819 606 787 471 402 99 432 439 398 364 650 626 889 656 276 780 308 570 200 512 192 585 500 508 172 411 216 612 520 120 779 616 706 301 581 413 344 599 206 696 206 752 286 310 353 474 380 260 114 458 245 251 193 89 596 366 79 532 474 646 725 558 171 209 327 402 431 
252 429 489 387 477 144 489 459 326 212 345 277 -1 239 114 513 263 296 232 339 186 389 135 391 319 314 373 305 566 74 124 287 373 591 376 579 337 163 377 361 511 177 461 706 349 666 423 173 534 568 296 120 478 468 567 247 392 307 149 176 335 342 312 518 649 438 426 540 138 104 333 259 503 120 485 246 291 308 278 315 197 171 221 456 349 455 346 452 402 311 278 307 400 514 281 378 387 165 125 470 
398 668 273 622 475 126 531 515 566 324 274 243 239 -1 342 444 301 285 398 349 189 438 333 383 554 161 151 72 345 206 124 507 236 610 411 566 235 251 315 189 273 230 222 473 510 675 459 87 588 537 448 127 280 401 362 479 266 387 380 64 504 297 352 607 422 551 195 349 354 219 450 49 743 284 594 45 464 496 517 514 378 233 290 488 459 427 245 357 167 205 371 250 461 508 475 211 195 389 333 237 
180 335 601 279 457 259 563 529 234 287 375 305 114 342 -1 617 357 398 271 434 297 353 58 486 253 382 461 402 678 140 236 257 427 669 460 667 450 260 397 476 615 280 559 815 374 745 503 285 602 555 334 216 592 481 681 198 506 266 127 278 355 448 293 572 760 484 516 654 154 209 387 353 409 98 530 355 195 202 180 205 111 191 312 421 284 450 388 561 509 361 351 416 473 603 286 443 462 50 160 578 
762 823 352 830 914 401 231 253 739 351 718 680 513 444 617 -1 264 219 426 195 331 861 649 147 674 601 542 480 395 549 434 583 674 235 209 157 209 357 759 277 483 337 512 529 447 270 206 406 279 981 410 496 297 845 334 607 185 793 550 464 461 171 774 352 456 373 546 284 503 409 349 491 886 628 385 399 805 819 718 822 711 631 311 919 851 869 689 90 422 650 311 212 252 136 501 641 609 665 482 424 
516 568 399 568 715 196 239 218 479 90 543 487 263 301 357 264 -1 58 179 76 116 642 395 128 422 455 445 366 473 315 224 337 529 334 119 315 167 99 582 254 488 91 476 626 249 407 168 223 293 795 191 287 360 674 442 349 218 564 285 284 253 111 558 305 555 255 477 398 239 160 163 349 635 383 295 265 550 560 454 561 458 410 46 705 612 681 525 228 385 484 85 110 161 250 264 511 496 403 217 428 
547 625 347 621 725 201 245 232 534 147 543 493 296 285 398 219 58 -1 237 64 121 659 431 103 479 444 420 344 420 337 232 395 520 327 127 295 112 139 583 206 444 118 438 572 303 396 174 218 303 801 248 296 305 674 385 406 160 586 337 281 309 54 573 331 501 293 446 341 291 191 213 334 692 412 330 244 586 600 507 603 493 426 99 721 639 687 521 172 345 480 139 56 183 232 323 497 477 446 268 383 
451 396 564 410 707 271 306 269 316 93 575 508 232 398 271 426 179 237 -1 233 226 613 325 279 248 523 549 471 641 306 281 159 590 412 227 428 341 151 608 418 635 180 607 794 118 488 258 310 337 799 64 324 531 700 616 182 395 528 154 354 107 290 541 300 725 213 592 574 117 181 118 438 460 339 259 378 461 458 303 451 382 403 144 681 554 688 570 404 525 532 115 286 218 368 87 585 584 302 113 580 
592 629 394 635 783 260 181 169 544 156 605 553 339 349 434 195 76 64 233 -1 179 714 472 52 481 508 484 408 462 389 290 391 584 266 64 240 162 176 645 259 499 164 498 614 273 336 110 281 239 861 226 354 348 736 421 412 197 638 356 343 283 81 629 270 541 241 509 373 309 235 176 399 693 459 273 309 626 636 523 637 534 481 121 776 687 747 584 176 404 543 119 111 123 176 311 561 541 479 290 437 
431 567 345 547 604 81 354 334 469 140 428 374 186 189 297 331 116 121 226 179 -1 538 321 224 431 339 337 258 424 218 111 363 413 444 233 416 154 75 467 202 409 46 383 574 328 515 282 107 409 683 266 175 320 559 409 354 211 465 267 168 325 160 452 420 508 362 374 374 225 89 261 235 639 296 406 159 476 494 432 501 382 305 101 599 520 568 409 266 299 368 182 121 278 353 310 396 383 346 201 354 
186 599 693 505 115 461 876 847 523 601 211 201 389 438 353 861 642 659 613 714 538 -1 294 762 580 331 444 443 752 326 429 606 303 975 759 954 656 546 188 628 634 550 558 843 723 1049 808 455 923 214 678 365 712 207 786 543 699 86 480 400 706 694 87 907 814 824 493 781 500 484 721 406 659 273 872 480 234 275 470 307 253 233 604 68 110 141 253 782 567 269 668 650 789 890 639 349 393 346 499 631 
126 370 601 302 398 270 611 578 273 333 327 257 135 333 58 649 395 431 325 472 321 294 -1 524 305 349 437 385 676 127 242 314 385 715 503 709 470 296 345 485 602 312 541 807 431 791 548 289 652 497 389 207 597 426 685 255 525 208 185 269 413 478 236 625 755 539 493 662 209 239 440 335 443 54 585 353 155 173 217 185 62 147 351 362 228 393 344 587 500 320 398 442 521 645 344 406 429 70 212 570 
644 676 392 685 829 304 156 156 594 208 646 597 391 383 486 147 128 103 279 52 224 762 524 -1 527 544 511 438 455 438 335 436 619 226 69 191 172 228 686 269 506 214 514 604 306 293 94 321 216 905 265 400 342 777 408 460 193 687 408 384 318 90 677 262 530 252 530 358 361 286 207 433 738 510 277 341 679 689 574 689 587 529 174 824 738 790 623 147 419 582 164 134 126 128 354 594 571 531 342 444 
394 148 776 184 692 439 532 493 90 331 629 558 319 554 253 674 422 479 248 481 431 580 305 527 -1 628 692 623 855 379 431 95 678 634 472 665 572 361 650 634 821 392 777 1003 268 706 497 476 547 792 274 440 752 731 841 77 629 497 174 494 246 534 536 485 939 395 745 803 207 351 343 578 212 351 430 552 362 336 119 313 328 444 381 645 487 695 641 650 710 613 363 522 453 608 181 690 704 239 231 774 
360 717 368 651 337 263 689 672 617 462 130 135 314 161 382 601 455 444 523 508 339 331 349 544 628 -1 114 126 422 249 244 602 75 771 568 727 393 390 169 333 304 375 229 514 640 836 617 231 746 385 579 200 394 245 460 560 419 307 463 173 630 458 255 759 483 698 166 462 451 342 593 111 791 294 742 205 435 475 562 500 370 205 437 365 386 282 91 513 240 61 517 411 616 669 589 63 81 417 434 300 
467 796 264 738 442 277 665 653 693 475 239 249 373 151 461 542 445 420 549 484 337 444 437 511 692 114 -1 79 311 321 271 653 157 734 548 680 345 403 273 265 190 381 115 400 661 794 594 239 723 478 599 252 299 335 355 619 356 420 520 201 655 420 369 749 370 699 56 364 499 369 599 115 870 383 741 180 540 578 641 602 468 303 439 476 499 384 196 451 139 174 520 377 602 628 625 112 70 502 479 191 
433 733 249 681 462 199 589 577 630 395 255 242 305 72 402 480 366 344 471 408 258 443 385 438 623 126 79 -1 312 262 195 579 195 663 472 613 276 323 295 208 217 301 157 426 582 724 518 160 648 512 520 187 270 371 342 548 296 405 450 129 576 348 361 671 383 620 123 339 426 292 520 49 807 333 662 101 504 539 580 559 423 266 359 485 481 408 218 391 126 184 440 303 525 558 548 160 133 446 404 194 
742 986 79 953 754 424 602 610 885 548 550 552 566 345 678 395 473 420 641 462 424 752 676 455 855 422 311 312 -1 548 442 787 468 629 520 553 307 498 585 223 139 467 210 152 723 664 549 393 659 785 665 469 114 642 69 777 265 717 686 407 727 381 671 717 84 704 275 113 648 504 632 357 1060 629 732 323 809 841 842 859 723 575 497 787 794 695 508 322 186 484 558 364 580 525 728 421 375 727 623 121 
216 474 473 419 407 152 549 521 372 277 271 202 74 206 140 549 315 337 306 389 218 326 127 438 379 249 321 262 548 -1 121 357 303 648 432 629 357 219 302 361 477 224 419 680 424 722 481 165 598 496 369 79 471 394 558 311 408 249 216 141 410 378 245 587 628 509 376 537 212 157 403 213 549 84 556 226 270 296 320 311 178 99 277 391 302 383 273 479 373 239 343 337 463 565 356 311 326 184 200 443 
337 550 365 511 493 32 464 441 448 218 319 263 124 124 236 434 224 232 281 290 111 429 242 335 431 244 271 195 442 121 -1 383 315 556 343 527 236 146 358 242 391 136 346 582 397 627 392 49 517 572 336 64 356 450 445 355 287 359 257 72 389 265 342 521 524 455 319 420 230 100 349 157 624 205 500 122 391 415 402 428 298 197 198 489 419 457 304 360 280 264 276 222 383 464 354 305 302 286 208 347 
424 242 708 274 713 385 437 398 178 248 623 552 287 507 257 583 337 395 159 391 363 606 314 436 95 602 653 579 787 357 383 -1 660 539 379 570 494 289 649 563 765 320 728 937 175 612 402 424 453 812 179 404 680 735 767 65 550 520 141 452 153 449 550 394 871 303 702 727 153 292 248 538 302 351 340 498 408 390 187 373 354 438 299 674 524 708 629 563 654 596 272 441 358 513 86 666 674 261 174 714 
372 756 422 684 286 336 765 747 658 533 92 137 373 236 427 674 529 520 590 584 413 303 385 619 678 75 157 195 468 303 315 660 -1 846 644 802 468 461 120 403 339 448 262 543 708 911 692 306 821 321 648 266 454 178 513 613 491 300 519 246 698 533 241 833 521 770 196 520 512 412 665 186 828 332 815 280 447 490 602 518 396 238 510 325 378 227 51 585 295 65 590 487 691 744 652 47 93 456 496 348 
840 778 581 813 1048 526 106 143 716 382 871 819 591 610 669 235 334 327 412 266 444 975 715 226 634 771 734 663 629 648 556 539 846 -1 215 84 390 429 911 481 708 425 726 764 368 76 167 546 93 1127 364 619 526 1002 569 585 393 896 565 609 389 314 892 176 691 247 750 519 523 491 297 659 827 711 230 567 864 866 712 861 777 743 371 1039 939 1013 849 310 632 808 317 360 195 108 454 820 796 707 510 646 
627 621 454 637 834 315 121 105 543 172 661 606 376 411 460 209 119 127 227 64 233 759 503 69 472 568 548 472 520 432 343 379 644 215 -1 208 225 213 700 323 562 210 563 670 238 290 49 339 177 915 202 406 406 792 475 409 255 680 368 400 252 142 676 205 597 184 573 426 322 275 140 460 681 497 212 371 655 661 529 659 566 528 155 823 725 800 642 217 468 601 114 176 60 144 294 623 604 502 306 500 
831 812 508 838 1020 496 139 177 742 380 834 787 579 566 667 157 315 295 428 240 416 954 709 191 665 727 680 613 553 629 527 570 802 84 208 -1 336 415 875 420 638 405 663 684 406 114 170 511 158 1094 390 591 453 964 490 609 330 879 575 573 425 269 868 243 612 298 691 440 530 475 321 615 866 699 291 521 862 869 732 867 772 721 358 1016 928 981 809 240 570 769 321 316 212 64 483 773 745 710 514 578 
573 713 234 699 705 205 329 325 618 248 509 471 337 235 450 209 167 112 341 162 154 656 470 172 572 393 345 276 307 357 236 494 468 390 225 336 -1 212 550 98 337 182 341 460 415 449 263 201 388 771 359 294 193 636 275 496 57 592 416 256 420 83 568 430 388 402 360 233 372 243 325 282 784 440 435 189 624 644 584 652 530 429 196 712 655 660 480 126 246 440 251 57 284 283 428 437 408 500 348 275 
416 501 419 488 623 128 330 303 405 72 463 402 163 251 260 357 99 139 151 176 75 546 296 228 361 390 403 323 498 219 146 289 461 429 213 415 212 -1 500 274 484 31 456 648 258 503 261 164 380 708 196 203 391 593 479 284 270 467 204 216 254 191 463 376 582 308 443 442 159 62 203 294 571 284 354 228 451 462 373 465 358 316 58 610 512 593 450 307 373 410 130 166 244 350 235 450 443 307 135 429 
296 706 535 624 169 385 821 799 615 567 41 99 377 315 397 759 582 583 608 645 467 188 345 686 650 169 273 295 585 302 358 649 120 911 700 875 550 500 -1 499 459 493 382 663 726 980 750 364 875 221 670 297 564 93 628 594 581 204 509 302 712 606 144 877 641 805 315 631 512 442 698 271 775 299 851 361 367 411 559 441 337 211 554 205 276 113 78 673 408 111 630 559 741 814 657 167 213 414 502 465 
572 768 146 742 662 217 426 423 669 325 458 432 361 189 476 277 254 206 418 259 202 628 485 269 634 333 265 208 223 361 242 563 403 481 323 420 98 274 499 -1 239 243 246 375 503 534 361 196 485 719 444 287 118 579 208 556 91 574 467 234 506 181 541 528 307 499 271 178 427 286 417 229 841 446 533 148 631 657 629 670 540 414 275 678 643 612 424 186 151 388 340 150 382 373 505 367 333 527 403 177 
649 940 134 895 626 382 662 662 838 546 426 439 511 273 615 483 488 444 635 499 409 634 602 506 821 304 190 217 139 477 391 765 339 708 562 638 337 484 459 239 -1 455 76 211 732 753 600 345 721 650 671 399 189 509 201 744 316 609 647 337 732 420 559 767 182 738 143 230 616 473 652 267 1015 550 772 269 720 756 790 777 641 482 500 663 688 565 383 398 111 364 573 389 622 600 719 292 246 661 593 62 
429 531 388 516 623 112 330 305 435 94 455 398 177 230 280 337 91 118 180 164 46 550 312 214 392 375 381 301 467 224 136 320 448 425 210 405 182 31 493 243 455 -1 429 618 282 498 259 145 382 705 220 197 360 586 448 315 240 473 233 201 279 167 466 385 551 323 419 411 189 72 219 275 602 295 367 203 468 481 402 486 374 318 62 614 523 590 440 282 345 399 142 139 248 340 265 434 424 329 165 400 
580 890 184 839 549 343 671 666 787 523 350 364 461 222 559 512 476 438 607 498 383 558 541 514 777 229 115 157 210 419 346 728 262 726 563 663 341 456 382 246 76 429 -1 285 711 777 604 304 730 575 649 344 232 433 265 701 333 536 603 284 709 424 484 768 258 730 66 286 576 436 638 206 964 488 768 230 652 689 737 712 576 414 480 586 614 488 307 423 94 289 557 386 621 618 689 215 169 603 553 100 
859 1131 229 1093 827 567 747 757 1029 701 633 650 706 473 815 529 626 572 794 614 574 843 807 604 1003 514 400 426 152 680 582 937 543 764 670 684 460 648 663 375 211 618 285 -1 876 791 697 533 801 840 818 600 267 704 197 925 416 821 832 538 880 533 769 863 73 854 350 248 796 651 785 475 1205 757 881 460 930 965 984 985 849 692 650 869 899 765 590 465 306 574 711 517 730 663 880 496 451 862 771 236 
554 410 648 450 821 384 269 230 353 188 693 626 349 510 374 447 249 303 118 273 328 723 431 306 268 640 661 582 723 424 397 175 708 368 238 406 415 258 726 503 732 282 711 876 -1 439 248 422 279 915 62 442 609 818 689 230 463 637 248 470 22 348 655 219 804 128 702 643 223 297 98 551 460 451 167 486 555 545 359 532 484 520 232 792 657 804 689 449 625 651 164 358 201 355 96 702 699 396 226 674 
916 849 622 886 1120 597 182 219 790 458 940 889 666 675 745 270 407 396 488 336 515 1049 791 293 706 836 794 724 664 722 627 612 911 76 290 114 449 503 980 534 753 498 777 791 439 -1 243 615 160 1198 439 691 567 1070 600 660 444 971 641 677 460 377 965 234 720 315 806 551 599 565 372 724 896 786 291 631 940 942 787 937 853 817 445 1112 1015 1083 916 355 685 876 393 424 272 166 528 883 857 784 586 692 
673 645 486 668 883 364 72 62 573 215 711 656 423 459 503 206 168 174 258 110 282 808 548 94 497 617 594 518 549 481 392 402 692 167 49 170 263 261 750 361 600 259 604 697 248 243 -1 388 129 964 223 455 436 842 500 439 287 728 406 450 265 180 725 168 623 167 618 450 361 323 155 508 702 544 186 419 699 703 562 699 610 577 203 872 772 849 691 234 510 650 152 219 47 110 316 671 651 544 347 537 
378 598 316 560 510 39 460 441 495 237 324 276 173 87 285 406 223 218 310 281 107 455 289 321 476 231 239 160 393 165 49 424 306 546 339 511 201 164 364 196 345 145 304 533 422 615 388 -1 516 583 360 94 308 455 396 399 248 391 302 62 416 243 368 528 475 468 282 372 272 133 365 130 672 249 512 75 435 461 450 474 343 228 206 512 455 469 303 327 234 262 287 197 385 450 388 289 279 335 249 299 
778 689 602 728 1004 490 59 76 631 322 837 780 534 588 602 279 293 303 337 239 409 923 652 216 547 746 723 648 659 598 517 453 821 93 177 158 388 380 875 485 721 382 730 801 279 160 129 516 -1 1087 283 579 549 968 604 502 405 842 491 577 301 306 843 85 728 155 746 553 452 441 218 638 736 654 137 548 796 795 631 788 712 696 322 989 880 973 819 336 635 778 256 347 135 143 369 800 780 637 442 659 
399 813 743 719 100 601 1035 1011 737 772 262 308 568 537 555 981 795 801 799 861 683 214 497 905 792 385 478 512 785 496 572 812 321 1127 915 1094 771 708 221 719 650 705 575 840 915 1198 964 583 1087 -1 864 508 776 143 834 751 802 294 679 521 899 826 262 1082 830 1005 509 842 693 648 900 491 872 465 1052 582 448 488 684 519 463 397 765 157 321 114 294 894 617 331 837 779 952 1033 836 366 410 555 688 667 
515 422 590 448 771 322 260 221 352 125 637 570 296 448 334 410 191 248 64 226 266 678 389 265 274 579 599 520 665 369 336 179 648 364 202 390 359 196 670 444 671 220 649 818 62 439 223 360 283 864 -1 382 552 763 634 220 408 592 213 408 61 296 606 239 747 150 639 589 180 237 69 490 479 404 196 423 522 517 348 507 445 467 171 746 618 752 631 403 563 592 109 302 178 333 93 641 637 362 178 613 
285 545 394 495 429 95 527 503 443 272 259 200 120 127 216 496 287 296 324 354 175 365 207 400 440 200 252 187 469 79 64 404 266 619 406 591 294 203 297 287 399 197 344 600 442 691 455 94 579 508 382 -1 394 390 480 367 342 297 268 62 431 329 278 580 548 510 306 460 252 147 403 139 620 161 556 147 345 374 392 390 255 134 257 425 361 394 248 420 294 209 333 285 445 528 388 264 269 262 234 364 
677 887 55 860 732 333 492 498 788 438 525 512 478 280 592 297 360 305 531 348 320 712 597 342 752 394 299 270 114 471 356 680 454 526 406 453 193 391 564 118 189 360 232 267 609 567 436 308 549 776 552 394 -1 633 89 674 150 667 586 335 613 266 628 604 195 589 282 69 546 405 518 307 960 555 618 247 739 767 748 782 649 513 386 756 740 677 486 216 160 455 444 250 466 419 618 411 370 642 521 133 
358 777 600 690 132 477 914 892 690 661 131 192 468 401 481 845 674 674 700 736 559 207 426 777 731 245 335 371 642 394 450 735 178 1002 792 964 636 593 93 579 509 586 433 704 818 1070 842 455 968 143 763 390 633 -1 690 679 664 256 596 393 804 695 201 970 690 898 367 699 602 535 791 354 843 384 944 446 423 467 634 499 409 300 647 192 314 72 155 757 474 195 723 648 834 904 747 222 267 493 593 524 
760 977 92 950 797 423 549 560 877 523 591 585 567 362 681 334 442 385 616 421 409 786 685 408 841 460 355 342 69 558 445 767 513 569 475 490 275 479 628 208 201 448 265 197 689 600 500 396 604 834 634 480 89 690 -1 763 225 745 676 420 695 342 703 666 123 660 326 50 635 494 595 383 1049 641 685 333 825 854 837 870 736 595 471 825 820 739 550 268 220 522 525 332 534 467 703 468 423 731 610 167 
360 218 698 229 652 362 481 442 134 259 571 500 247 479 198 607 349 406 182 412 354 543 255 460 77 560 619 548 777 311 355 65 613 585 409 609 496 284 594 556 744 315 701 925 230 660 439 399 502 751 220 367 674 679 763 -1 553 458 98 420 208 460 490 449 861 357 671 726 129 274 289 505 287 295 397 475 343 325 129 308 290 385 307 611 459 648 580 578 633 549 297 446 397 549 134 623 634 197 154 697 
624 771 199 757 741 256 346 349 676 302 540 508 392 266 506 185 218 160 395 197 211 699 525 193 629 419 356 296 265 408 287 550 491 393 255 330 57 270 581 91 316 240 333 416 463 444 287 248 405 802 408 342 150 664 225 553 -1 638 474 298 469 116 611 455 343 438 362 180 430 300 370 310 841 492 468 222 677 698 642 708 583 475 251 752 703 693 508 95 240 470 299 109 315 285 481 456 423 556 405 254 
106 525 653 436 194 391 796 766 444 519 211 172 307 387 266 793 564 586 528 638 465 86 208 687 497 307 420 405 717 249 359 520 300 896 680 879 592 467 204 574 609 473 536 821 637 971 728 391 842 294 592 297 667 256 745 458 638 -1 393 340 620 624 60 823 785 740 474 736 414 405 637 361 589 189 787 425 167 211 390 242 169 162 525 154 78 203 248 717 531 251 586 581 708 814 552 340 380 261 414 598 
306 301 607 284 582 266 459 422 202 200 482 411 149 380 127 550 285 337 154 356 267 480 185 408 174 463 520 450 686 216 257 141 519 565 368 575 416 204 509 467 647 233 603 832 248 641 406 302 491 679 213 268 586 596 676 98 474 393 -1 321 228 391 417 453 770 363 572 641 46 181 273 406 373 214 408 378 309 304 169 296 235 298 239 548 409 572 488 509 536 455 254 370 370 512 159 526 536 149 69 601 
341 605 333 557 450 89 522 502 502 289 262 216 176 64 278 464 284 281 354 343 168 400 269 384 494 173 201 129 407 141 72 452 246 609 400 573 256 216 302 234 337 201 284 538 470 677 450 62 577 521 408 62 335 393 420 420 298 340 321 -1 462 304 312 587 486 524 251 403 298 173 419 86 680 222 569 88 404 434 453 451 316 180 264 455 409 408 241 382 231 200 344 258 446 512 426 233 229 324 278 301 
535 389 651 428 804 378 289 250 331 185 680 612 335 504 355 461 253 309 107 283 325 706 413 318 246 630 655 576 727 410 389 153 698 389 252 425 420 254 712 506 732 279 709 880 22 460 265 416 301 899 61 431 613 804 695 208 469 620 228 462 -1 356 638 241 809 150 697 650 206 289 112 544 440 434 189 482 534 524 337 511 464 505 232 774 638 788 677 460 624 639 169 363 218 373 74 693 691 376 211 675 
591 679 312 675 754 233 247 242 589 202 565 520 342 297 448 171 111 54 290 81 160 694 478 90 534 458 420 348 381 378 265 449 533 314 142 269 83 191 606 181 420 167 424 533 348 377 180 243 306 826 296 329 266 695 342 460 116 624 391 304 356 -1 608 347 460 323 440 295 345 239 253 346 746 456 354 253 634 649 561 654 540 462 153 754 680 713 540 117 329 499 186 46 202 211 374 506 481 497 322 358 
157 575 610 489 166 374 794 766 490 522 150 120 312 352 293 774 558 573 541 629 452 87 236 677 536 255 369 361 671 245 342 550 241 892 676 868 568 463 144 541 559 466 484 769 655 965 725 368 843 262 606 278 628 201 703 490 611 60 417 312 638 608 -1 830 737 750 420 697 432 402 645 321 641 203 797 393 225 269 435 300 210 148 522 147 136 158 189 694 485 196 588 563 708 805 574 283 324 297 428 551 
751 622 654 668 994 498 121 106 572 310 839 779 518 607 572 352 305 331 300 270 420 907 625 262 485 759 749 671 717 587 521 394 833 176 205 243 430 376 877 528 767 385 768 863 219 234 168 528 85 1082 239 580 604 970 666 449 455 823 453 587 241 347 830 -1 789 91 777 615 418 435 185 655 665 634 57 570 762 756 578 746 683 686 323 974 854 968 826 398 674 785 246 381 147 220 314 817 802 602 412 705 
816 1070 163 1035 808 507 673 683 969 632 608 616 649 422 760 456 555 501 725 541 508 814 755 530 939 483 370 383 84 628 524 871 521 691 597 612 388 582 641 307 182 551 258 73 804 720 623 475 728 830 747 548 195 690 123 861 343 785 770 486 809 460 737 789 -1 781 325 174 732 588 713 430 1143 707 808 404 885 918 925 936 801 648 581 845 863 747 565 391 258 544 640 445 656 590 812 474 428 808 707 188 
664 534 635 578 915 435 159 124 481 237 769 706 438 551 484 373 255 293 213 241 362 824 539 252 395 698 699 620 704 509 455 303 770 247 184 298 402 308 805 499 738 323 730 854 128 315 167 468 155 1005 150 510 589 898 660 357 438 740 363 524 150 323 750 91 781 -1 732 610 330 362 106 598 580 551 47 519 672 665 486 655 595 608 261 892 767 892 758 399 638 718 180 349 126 257 223 757 746 512 326 676 
523 850 240 794 482 321 686 678 748 514 284 301 426 195 516 546 477 446 592 509 374 493 493 530 745 166 56 123 275 376 319 702 196 750 573 691 360 443 315 271 143 419 66 350 702 806 618 282 746 509 639 306 282 367 326 671 362 474 572 251 697 440 420 777 325 732 -1 341 549 415 635 166 925 439 772 215 596 635 696 658 524 360 475 520 552 422 241 455 125 224 555 398 629 642 670 148 102 558 527 159 
744 941 102 919 800 395 498 509 844 481 593 581 540 349 654 284 398 341 574 373 374 781 662 358 803 462 364 339 113 537 420 727 520 519 426 440 233 442 631 178 230 411 286 248 643 551 450 372 553 842 589 460 69 699 50 726 180 736 641 403 650 295 697 615 174 610 341 -1 599 461 549 376 1013 621 635 315 806 833 805 847 715 581 429 824 808 744 553 217 225 523 480 288 485 416 661 476 433 705 575 185 
334 342 569 330 598 234 417 381 246 153 483 413 138 354 154 503 239 291 117 309 225 500 209 361 207 451 499 426 648 212 230 153 512 523 322 530 372 159 512 427 616 189 576 796 223 599 361 272 452 693 180 252 546 602 635 129 430 414 46 298 206 345 432 418 732 330 549 599 -1 144 234 384 413 228 376 348 345 343 216 338 265 302 193 568 437 583 484 463 505 450 209 325 327 467 144 515 521 185 24 568 
357 482 425 458 562 93 392 365 383 125 406 344 104 219 209 409 160 191 181 235 89 484 239 286 351 342 369 292 504 157 100 292 412 491 275 475 243 62 442 286 473 72 436 651 297 565 323 133 441 648 237 147 405 535 494 274 300 405 181 173 289 239 402 435 588 362 415 461 144 -1 256 256 555 223 409 206 395 409 344 415 302 254 120 548 452 533 396 351 361 357 188 206 306 411 255 405 402 259 120 423 
566 490 560 517 810 330 191 153 421 131 662 599 333 450 387 349 163 213 118 176 261 721 440 207 343 593 599 520 632 403 349 248 665 297 140 321 325 203 698 417 652 219 638 785 98 372 155 365 218 900 69 403 518 791 595 289 370 637 273 419 112 253 645 185 713 106 635 549 234 256 -1 495 546 448 153 420 580 577 415 569 498 502 160 789 669 786 652 351 548 612 80 269 110 265 161 653 644 420 227 592 
385 685 291 632 433 167 580 564 582 367 230 206 259 49 353 491 349 334 438 399 235 406 335 433 578 111 115 49 357 213 157 538 186 659 460 615 282 294 271 229 267 275 206 475 551 724 508 130 638 491 490 139 307 354 383 505 310 361 406 86 544 346 321 655 430 598 166 376 384 256 495 -1 760 283 641 93 455 489 531 510 374 218 336 451 437 383 198 403 172 159 417 300 510 558 511 162 148 397 364 242 
485 74 981 153 774 637 729 690 177 544 763 696 503 743 409 886 635 692 460 693 639 659 443 738 212 791 870 807 1060 549 624 302 828 827 681 866 784 571 775 841 1015 602 964 1205 460 896 702 672 736 872 479 620 960 843 1049 287 841 589 373 680 440 746 641 665 1143 580 925 1013 413 555 546 760 -1 497 608 747 425 384 229 353 438 590 593 716 551 793 785 863 905 763 574 734 656 812 386 849 871 373 438 972 
134 424 555 357 369 235 609 579 326 331 277 206 120 284 98 628 383 412 339 459 296 273 54 510 351 294 383 333 629 84 205 351 332 711 497 699 440 284 299 446 550 295 488 757 451 786 544 249 654 465 404 161 555 384 641 295 492 189 214 222 434 456 203 634 707 551 439 621 228 223 448 283 497 -1 598 308 185 212 270 229 94 94 342 341 228 357 291 560 450 266 398 417 520 634 371 351 375 124 225 521 
711 565 666 614 962 479 158 131 518 284 815 752 485 594 530 385 295 330 259 273 406 872 585 277 430 742 741 662 732 556 500 340 815 230 212 291 435 354 851 533 772 367 768 881 167 291 186 512 137 1052 196 556 618 944 685 397 468 787 408 569 189 354 797 57 808 47 772 635 376 409 153 641 608 598 -1 561 717 710 526 698 641 655 305 939 814 939 804 420 675 764 225 383 152 260 263 801 789 558 373 711 
429 673 247 632 519 113 490 476 570 298 320 286 246 45 355 399 265 244 378 309 159 480 353 341 552 205 180 101 323 226 122 498 280 567 371 521 189 228 361 148 269 203 230 460 486 631 419 75 548 582 423 147 247 446 333 475 222 425 378 88 482 253 393 570 404 519 215 315 348 206 420 93 747 308 561 -1 492 521 524 537 403 267 260 531 496 472 290 312 158 251 340 207 424 464 459 253 232 404 324 224 
74 365 737 271 349 420 759 724 294 483 365 310 291 464 195 805 550 586 461 626 476 234 155 679 362 435 540 504 809 270 391 408 447 864 655 862 624 451 367 631 720 468 652 930 555 940 699 435 796 448 522 345 739 423 825 343 677 167 309 404 534 634 225 762 885 672 596 806 345 395 580 455 425 185 717 492 -1 44 245 75 94 238 505 293 128 368 397 742 626 388 547 598 668 798 461 480 515 159 354 696 
117 326 768 231 390 443 760 725 262 488 409 353 308 496 202 819 560 600 458 636 494 275 173 689 336 475 578 539 841 296 415 390 490 866 661 869 644 462 411 657 756 481 689 965 545 942 703 461 795 488 517 374 767 467 854 325 698 211 304 434 524 649 269 756 918 665 635 833 343 409 577 489 384 212 710 521 44 -1 217 31 118 275 514 332 167 411 440 760 660 430 550 615 670 804 449 522 555 159 356 730 
285 154 764 114 584 418 607 569 56 366 543 474 278 517 180 718 454 507 303 523 432 470 217 574 119 562 641 580 842 320 402 187 602 712 529 732 584 373 559 629 790 402 737 984 359 787 562 450 631 684 348 392 748 634 837 129 642 390 169 453 337 561 435 578 925 486 696 805 216 344 415 531 229 270 526 524 245 217 -1 194 225 364 409 534 372 592 561 679 681 537 414 540 521 671 263 621 642 147 239 749 
146 296 785 200 421 454 755 719 236 486 438 380 315 514 205 822 561 603 451 637 501 307 185 689 313 500 602 559 859 311 428 373 518 861 659 867 652 465 441 670 777 486 712 985 532 937 699 474 788 519 507 390 782 499 870 308 708 242 296 451 511 654 300 746 936 655 658 847 338 415 569 510 353 229 698 537 75 31 194 -1 136 298 515 363 198 443 469 766 679 457 546 621 665 803 436 549 581 158 352 750 
71 369 650 289 363 327 672 639 280 394 325 260 197 378 111 711 458 493 382 534 382 253 62 587 328 370 468 423 723 178 298 354 396 777 566 772 530 358 337 540 641 374 576 849 484 853 610 343 712 463 445 255 649 409 736 290 583 169 235 316 464 540 210 683 801 595 524 715 265 302 498 374 438 94 641 403 94 118 225 136 -1 165 414 320 173 367 349 648 543 332 460 503 582 707 394 422 451 93 271 614 
167 517 505 447 308 229 646 619 420 376 185 114 171 233 191 631 410 426 403 481 305 233 147 529 444 205 303 266 575 99 197 438 238 743 528 721 429 316 211 414 482 318 414 692 520 817 577 228 696 397 467 134 513 300 595 385 475 162 298 180 505 462 148 686 648 608 360 581 302 254 502 218 590 94 655 267 238 275 364 298 165 -1 374 295 228 284 197 554 390 173 442 419 560 657 447 260 286 217 294 460 
473 526 421 522 681 174 272 246 435 51 517 458 221 290 312 311 46 99 144 121 101 604 351 174 381 437 439 359 497 277 198 299 510 371 155 358 196 58 554 275 500 62 480 650 232 445 203 206 322 765 171 257 386 647 471 307 251 525 239 264 232 153 522 323 581 261 475 429 193 120 160 336 593 342 305 260 505 514 409 515 414 374 -1 669 570 650 502 271 393 461 81 142 187 293 232 496 484 357 171 442 
251 658 732 563 67 521 941 913 585 667 237 245 456 488 421 919 705 721 681 776 599 68 362 824 645 365 476 485 787 391 489 674 325 1039 823 1016 712 610 205 678 663 614 586 869 792 1112 872 512 989 157 746 425 756 192 825 611 752 154 548 455 774 754 147 974 845 892 520 824 568 548 789 451 716 341 939 531 293 332 534 363 320 295 669 -1 165 119 279 838 605 303 734 709 854 952 707 372 418 413 567 666 
103 492 728 398 223 451 837 805 422 558 287 251 349 459 284 851 612 639 554 687 520 110 228 738 487 386 499 481 794 302 419 524 378 939 725 928 655 512 276 643 688 523 614 899 657 1015 772 455 880 321 618 361 740 314 820 459 703 78 409 409 638 680 136 854 863 767 552 808 437 452 669 437 551 228 814 496 128 167 372 198 173 228 570 165 -1 251 326 779 607 330 624 639 747 863 567 418 459 264 441 675 
309 729 647 639 62 486 920 896 647 658 153 193 455 427 450 869 681 687 688 747 568 141 393 790 695 282 384 408 695 383 457 708 227 1013 800 981 660 593 113 612 565 590 488 765 804 1083 849 469 973 114 752 394 677 72 739 648 693 203 572 408 788 713 158 968 747 892 422 744 583 533 786 383 793 357 939 472 368 411 592 443 367 284 650 119 251 -1 190 784 520 224 722 666 838 919 727 273 320 456 577 575 
323 713 457 638 247 329 763 743 617 520 43 89 346 245 388 689 525 521 570 584 409 253 344 623 641 91 196 218 508 273 304 629 51 849 642 809 480 450 78 424 383 440 307 590 689 916 691 303 819 294 631 248 486 155 550 580 508 248 488 241 677 540 189 826 565 758 241 553 484 396 652 198 785 291 804 290 397 440 561 469 349 197 502 279 326 190 -1 601 330 40 580 493 686 750 627 95 139 414 471 387 
695 796 270 793 830 328 281 293 707 318 632 596 452 357 561 90 228 172 404 176 266 782 587 147 650 513 451 391 322 479 360 563 585 310 217 240 126 307 673 186 398 282 423 465 449 355 234 327 336 894 403 420 216 757 268 578 95 717 509 382 460 117 694 398 391 399 455 217 463 351 351 403 863 560 420 312 742 760 679 766 648 554 271 838 779 784 601 -1 332 563 295 144 272 203 486 551 519 610 440 337 
557 831 127 788 577 271 576 571 728 438 370 366 402 167 509 422 385 345 525 404 299 567 500 419 710 240 139 126 186 373 280 654 295 632 468 570 246 373 408 151 111 345 94 306 625 685 510 234 635 617 563 294 160 474 220 633 240 531 536 231 624 329 485 674 258 638 125 225 505 361 548 172 905 450 675 158 626 660 681 679 543 390 393 605 607 520 330 332 -1 301 468 292 527 524 609 251 209 556 481 70 
313 691 429 619 277 288 723 702 593 481 70 79 311 205 361 650 484 480 532 543 368 269 320 582 613 61 174 184 484 239 264 596 65 808 601 769 440 410 111 388 364 399 289 574 651 876 650 262 778 331 592 209 455 195 522 549 470 251 455 200 639 499 196 785 544 718 224 523 450 357 612 159 763 266 764 251 388 430 537 457 332 173 461 303 330 224 40 563 301 -1 540 453 646 710 591 92 129 390 435 362 
524 511 484 524 750 254 212 180 430 66 593 532 278 371 351 311 85 139 115 119 182 668 398 164 363 517 520 440 558 343 276 272 590 317 114 321 251 130 630 340 573 142 557 711 164 393 152 287 256 837 109 333 444 723 525 297 299 586 254 344 169 186 588 246 640 180 555 480 209 188 80 417 574 398 225 340 547 550 414 546 460 442 81 734 624 722 580 295 468 540 -1 194 122 258 191 576 566 391 194 513 
552 665 291 654 708 189 288 280 571 193 518 474 307 250 416 212 110 56 286 111 121 650 442 134 522 411 377 303 364 337 222 441 487 360 176 316 57 166 559 150 389 139 386 517 358 424 219 197 347 779 302 285 250 648 332 446 109 581 370 258 363 46 563 381 445 349 398 288 325 206 269 300 734 417 383 207 598 615 540 621 503 419 142 709 639 666 493 144 292 453 194 -1 234 257 372 460 436 465 301 327 
647 600 514 626 868 357 90 58 530 189 703 646 400 461 473 252 161 183 218 123 278 789 521 126 453 616 602 525 580 463 383 358 691 195 60 212 284 244 741 382 622 248 621 730 201 272 47 385 135 952 178 445 466 834 534 397 315 708 370 446 218 202 708 147 656 126 629 485 327 306 110 510 656 520 152 424 668 670 521 665 582 560 187 854 747 838 686 272 527 646 122 234 -1 155 271 672 656 511 314 560 
767 756 474 778 957 433 101 132 683 316 774 725 514 508 603 136 250 232 368 176 353 890 645 128 608 669 628 558 525 565 464 513 744 108 144 64 283 350 814 373 600 340 618 663 355 166 110 450 143 1033 333 528 419 904 467 549 285 814 512 512 373 211 805 220 590 257 642 416 467 411 265 558 812 634 260 464 798 804 671 803 707 657 293 952 863 919 750 203 524 710 258 257 155 -1 427 717 691 646 450 538 
465 328 651 358 740 349 351 312 262 180 627 558 281 475 286 501 264 323 87 311 310 639 344 354 181 589 625 548 728 356 354 86 652 454 294 483 428 235 657 505 719 265 689 880 96 528 316 388 369 836 93 388 618 747 703 134 481 552 159 426 74 374 574 314 812 223 670 661 144 255 161 511 386 371 263 459 461 449 263 436 394 447 232 707 567 727 627 486 609 591 191 372 271 427 -1 652 654 304 156 665 
405 776 377 707 333 322 742 727 676 523 137 171 378 211 443 641 511 497 585 561 396 349 406 594 690 63 112 160 421 311 305 666 47 820 623 773 437 450 167 367 292 434 215 496 702 883 671 289 800 366 641 264 411 222 468 623 456 340 526 233 693 506 283 817 474 757 148 476 515 405 653 162 849 351 801 253 480 522 621 549 422 260 496 372 418 273 95 551 251 92 576 460 672 717 652 -1 46 476 498 302 
440 797 333 732 380 315 722 709 696 515 182 209 387 195 462 609 496 477 584 541 383 393 429 571 704 81 70 133 375 326 302 674 93 796 604 745 408 443 213 333 246 424 169 451 699 857 651 279 780 410 637 269 370 267 423 634 423 380 536 229 691 481 324 802 428 746 102 433 521 402 644 148 871 375 789 232 515 555 642 581 451 286 484 418 459 320 139 519 209 129 566 436 656 691 654 46 -1 498 502 257 
163 300 651 236 455 309 602 566 202 329 396 327 165 389 50 665 403 446 302 479 346 346 70 531 239 417 502 446 727 184 286 261 456 707 502 710 500 307 414 527 661 329 603 862 396 784 544 335 637 555 362 262 642 493 731 197 556 261 149 324 376 497 297 602 808 512 558 705 185 259 420 397 373 124 558 404 159 159 147 158 93 217 357 413 264 456 414 610 556 390 391 465 511 646 304 476 498 -1 197 626 
339 366 544 353 594 211 404 370 270 134 471 402 125 333 160 482 217 268 113 290 201 499 212 342 231 434 479 404 623 200 208 174 496 510 306 514 348 135 502 403 593 165 553 771 226 586 347 249 442 688 178 234 521 593 610 154 405 414 69 278 211 322 428 412 707 326 527 575 24 120 227 364 438 225 373 324 354 356 239 352 271 294 171 567 441 577 471 440 481 435 194 301 314 450 156 498 502 197 -1 544 
627 898 83 857 634 335 600 600 795 490 429 431 470 237 578 424 428 383 580 437 354 631 570 444 774 300 191 194 121 443 347 714 348 646 500 578 275 429 465 177 62 400 100 236 674 692 537 299 659 667 613 364 133 524 167 697 254 598 601 301 675 358 551 705 188 676 159 185 568 423 592 242 972 521 711 224 696 730 749 750 614 460 442 666 675 575 387 337 70 362 513 327 560 538 665 302 257 626 544 -1 
