100
-1 69 851 187 717 421 663 199 398 395 815 534 371 717 569 455 121 742 643 731 157 566 553 548 516 380 469 492 834 508 787 232 307 613 649 711 420 773 475 311 641 272 629 809 769 432 364 712 475 935 296 704 684 101 559 114 580 413 888 609 405 497 176 383 498 773 550 845 487 810 793 650 610 497 760 986 414 545 425 727 558 732 548 629 389 602 553 393 678 581 235 135 468 675 416 686 957 312 761 504 
69 -1 822 251 745 468 603 149 342 334 819 535 411 666 555 408 167 760 644 778 87 567 490 558 454 366 480 448 863 550 767 268 275 591 643 697 385 752 417 355 616 262 641 825 763 453 332 655 420 927 255 666 668 167 606 89 534 366 877 642 379 471 153 435 479 784 544 823 495 779 814 657 560 512 723 977 446 489 382 695 525 685 523 569 383 575 513 396 681 561 283 145 513 673 362 676 961 342 791 494 
851 822 -1 874 643 774 476 680 548 593 392 420 725 334 314 451 791 546 379 879 786 399 546 471 547 479 510 405 695 744 122 724 547 243 308 213 437 116 519 751 211 585 473 527 277 585 490 433 485 288 571 194 213 928 809 739 346 486 232 685 445 353 675 815 362 468 366 78 482 48 579 421 369 529 144 293 669 464 454 132 299 277 303 500 489 248 329 515 379 281 777 725 772 339 521 259 439 675 678 382 
187 251 874 -1 595 266 785 331 521 534 752 493 237 810 565 551 110 642 592 565 333 525 688 484 650 398 408 578 707 360 788 152 380 630 620 700 483 779 599 176 664 303 553 715 733 348 429 826 588 899 392 761 681 138 397 240 664 513 861 475 451 533 269 216 512 692 528 852 434 840 688 586 706 421 810 954 297 661 509 764 608 813 578 756 385 632 621 365 624 593 109 191 312 632 532 666 890 222 633 496 
717 745 643 595 -1 340 901 692 746 793 288 314 358 823 421 687 598 106 278 246 781 307 879 249 851 478 297 672 118 248 520 485 592 498 353 437 586 529 790 420 528 525 189 167 371 295 581 901 754 473 640 679 451 724 260 667 708 682 476 125 538 525 624 399 467 195 365 575 301 642 113 231 766 254 688 525 304 799 643 620 586 787 519 896 433 537 643 391 266 471 496 600 300 309 733 393 376 405 50 405 
421 468 774 266 340 -1 839 473 609 641 548 354 71 817 465 594 302 405 422 310 529 378 773 311 737 375 264 602 445 95 666 205 437 548 475 569 497 663 677 112 585 343 351 480 566 190 460 863 651 719 474 719 562 402 138 411 672 568 696 216 448 496 396 59 450 472 409 731 292 752 443 398 727 248 754 776 106 717 545 693 576 801 523 820 336 568 614 289 443 509 186 339 47 466 608 526 676 160 373 405 
663 603 476 785 901 839 -1 465 266 270 762 587 769 146 483 245 675 841 639 1076 527 594 122 654 153 466 630 240 997 864 523 679 414 421 575 536 343 502 187 756 404 506 714 861 643 679 380 63 196 738 393 291 504 763 940 558 194 276 675 875 393 377 516 850 435 798 536 534 614 430 892 683 137 671 332 759 746 125 294 371 316 202 383 38 510 378 257 561 666 436 733 593 863 627 252 558 863 683 949 497 
199 149 680 331 692 473 465 -1 200 203 718 437 405 519 432 259 222 688 543 772 110 466 360 474 322 251 403 299 809 538 633 271 140 456 529 571 242 617 277 365 478 169 559 745 647 398 192 514 275 807 109 518 540 298 605 93 385 217 753 607 245 334 77 458 352 697 433 686 410 636 744 564 412 442 576 853 419 346 234 551 381 536 386 433 281 436 365 310 581 430 312 147 513 566 217 555 858 320 741 379 
398 342 548 521 746 609 266 200 -1 51 692 443 537 327 384 98 411 713 531 879 273 463 168 501 131 269 451 143 857 652 534 428 172 368 490 498 168 513 78 514 376 265 578 754 594 478 166 314 79 735 137 363 463 498 725 292 212 73 675 690 210 259 252 609 306 697 412 573 445 500 769 565 223 494 422 773 529 147 116 416 262 354 299 235 315 333 219 362 566 358 479 330 640 538 27 498 820 448 797 359 
395 334 593 534 793 641 270 203 51 -1 743 493 570 352 435 147 424 762 582 918 257 513 157 549 120 314 496 190 904 689 583 453 209 419 541 549 219 563 90 542 426 298 628 805 646 520 212 324 111 786 167 405 514 496 762 297 252 124 725 733 259 311 267 637 357 748 463 621 491 545 819 615 253 540 463 823 566 165 167 461 311 385 351 235 360 384 266 406 617 409 501 344 674 589 76 550 872 480 843 409 
815 819 392 752 288 548 762 718 692 743 -1 284 531 650 307 606 713 182 175 534 825 252 778 269 760 467 348 574 310 479 276 608 585 343 202 227 525 292 708 583 357 559 200 139 123 403 548 743 668 185 630 489 258 856 520 730 574 619 191 376 493 433 671 604 386 93 287 316 328 405 197 166 626 330 477 239 465 689 576 414 457 601 399 769 438 387 517 423 138 339 643 681 524 154 670 204 142 531 309 342 
534 535 420 493 314 354 587 437 443 493 284 -1 308 519 121 375 438 270 109 502 542 32 566 67 539 189 91 357 417 328 312 342 310 207 128 217 277 309 480 343 243 275 135 314 241 166 283 590 442 407 357 390 208 582 398 446 395 375 368 297 233 211 387 397 152 261 60 378 63 400 326 127 454 109 414 461 249 485 334 349 275 489 209 582 155 238 330 140 146 172 386 399 352 142 427 177 426 274 363 90 
371 411 725 237 358 71 769 405 537 570 531 308 -1 750 411 523 249 407 388 370 467 335 701 276 665 307 216 532 471 138 620 143 365 492 434 525 427 616 605 62 529 272 330 481 534 141 389 794 580 693 402 657 515 366 200 348 604 497 664 241 379 431 328 91 388 463 359 686 244 699 451 372 658 210 695 749 65 646 474 636 512 736 461 749 269 509 547 225 414 453 139 276 107 432 536 484 665 89 398 347 
717 666 334 810 823 817 146 519 327 352 650 519 750 -1 403 262 705 751 550 1021 601 518 243 587 259 443 580 232 909 826 394 685 430 326 478 423 331 373 262 749 300 511 634 762 528 640 381 100 248 606 424 162 394 813 901 604 147 303 544 816 373 323 551 837 376 698 462 396 559 290 799 596 106 617 192 622 716 188 301 241 246 57 310 176 481 286 202 528 572 352 741 624 833 530 304 453 739 671 869 435 
569 555 314 565 421 465 483 432 384 435 307 121 411 403 -1 299 491 357 157 622 542 115 479 186 458 189 202 270 513 448 223 413 293 85 105 142 218 213 403 436 122 296 232 383 217 275 248 480 363 374 333 268 116 633 519 466 289 311 322 417 192 125 402 503 82 321 61 286 175 287 409 199 347 229 293 422 358 393 268 229 166 370 100 483 183 118 226 201 188 51 465 435 468 155 362 122 438 360 468 69 
455 408 451 551 687 594 245 259 98 147 606 375 523 262 299 -1 444 644 453 842 352 391 191 438 163 225 400 45 793 623 436 436 172 274 404 404 103 415 104 511 279 261 510 679 503 441 134 277 66 639 162 269 369 550 698 342 126 42 578 645 154 174 289 604 228 619 336 475 388 403 699 490 156 443 328 676 503 122 49 318 164 277 208 226 271 237 121 321 486 268 491 363 619 455 71 408 730 438 737 286 
121 167 791 110 598 302 675 222 411 424 713 438 249 705 491 444 -1 627 544 612 238 470 578 443 540 311 364 473 714 387 714 113 275 548 560 631 383 703 489 191 580 208 521 696 678 319 327 717 479 845 283 665 608 144 440 133 560 405 801 488 355 442 159 268 429 664 463 776 385 754 678 546 600 387 717 898 294 551 404 675 513 711 490 646 308 544 521 299 578 512 116 81 348 580 423 601 854 194 641 423 
742 760 546 642 106 405 841 688 713 762 182 270 407 751 357 644 627 -1 202 352 785 252 831 216 807 453 285 622 157 323 424 515 573 425 273 347 547 435 748 467 451 519 134 74 270 309 552 834 710 367 621 600 366 762 351 677 647 644 370 207 503 473 626 465 416 89 308 476 279 549 56 157 704 248 603 420 345 748 603 535 524 711 458 840 412 467 584 378 180 404 537 615 372 223 697 306 279 433 132 357 
643 644 379 592 278 422 639 543 531 582 175 109 388 550 157 453 544 202 -1 502 650 77 636 112 614 293 184 427 359 374 259 444 413 223 75 166 363 262 557 433 251 384 94 226 145 250 379 632 518 307 458 401 175 688 433 555 446 459 275 306 326 279 496 472 225 166 118 321 159 371 253 46 502 178 410 362 324 550 417 342 323 510 258 640 263 265 383 249 37 203 484 508 409 44 512 120 316 371 321 173 
731 778 879 565 246 310 1076 772 879 918 534 502 370 1021 622 842 612 352 502 -1 837 507 1031 435 999 617 446 837 268 234 757 513 709 706 577 668 738 763 937 422 740 622 408 407 613 401 716 1086 905 719 752 890 677 703 172 718 890 825 722 204 687 702 695 350 646 441 561 815 463 873 347 458 948 405 908 770 354 962 793 840 775 991 710 1064 570 740 826 520 500 673 496 646 264 540 872 623 612 452 230 586 
157 87 786 333 781 529 527 110 273 257 825 542 467 601 542 352 238 785 650 837 -1 572 411 574 376 359 500 395 899 604 743 323 250 566 638 681 350 726 344 416 587 268 659 845 757 485 301 582 353 917 216 618 650 255 666 118 478 310 863 687 355 444 158 503 462 799 541 795 510 741 840 668 497 537 676 964 493 419 335 656 486 626 495 492 386 544 465 409 687 540 350 190 572 674 297 665 965 389 828 488 
566 567 399 525 307 378 594 466 463 513 252 32 335 518 115 391 470 252 77 507 572 -1 579 74 554 216 120 369 404 346 287 374 337 198 99 191 296 285 496 373 232 306 120 291 208 193 307 593 457 375 383 382 186 615 413 478 400 393 336 303 254 221 418 423 163 236 57 353 92 381 308 102 459 130 402 429 274 496 351 335 278 485 212 591 185 233 336 173 114 167 418 431 373 109 445 149 394 305 355 104 
553 490 546 688 879 773 122 360 168 157 778 566 701 243 479 191 578 831 636 1031 411 579 -1 629 37 414 591 209 983 809 570 597 336 435 580 561 295 548 95 680 428 430 699 862 667 630 316 184 126 784 305 352 527 654 884 453 212 206 721 836 345 358 419 776 415 801 523 592 580 498 886 676 177 635 404 812 688 89 238 425 321 291 380 84 461 392 261 511 667 440 648 497 802 633 164 575 893 613 928 475 
548 558 471 484 249 311 654 474 501 549 269 67 276 587 186 438 443 216 112 435 574 74 629 -1 602 237 79 423 355 273 357 338 357 271 165 260 337 356 542 321 306 306 84 270 257 138 337 658 505 418 404 455 258 586 339 471 463 434 388 230 291 277 416 360 219 226 125 421 64 455 272 103 521 65 476 474 212 550 395 410 343 556 277 648 196 304 398 165 140 238 375 416 303 156 486 216 411 262 299 157 
516 454 547 650 851 737 153 322 131 120 760 539 665 259 458 163 540 807 614 999 376 554 37 602 -1 382 561 187 956 775 562 559 300 419 561 548 265 540 61 644 416 394 674 840 652 597 282 212 97 774 268 352 513 617 850 415 205 173 712 805 314 334 381 739 390 779 499 589 551 498 862 653 179 605 407 805 653 83 208 422 305 303 361 116 429 378 247 478 646 421 610 459 767 612 129 558 879 577 901 450 
380 366 479 398 478 375 466 251 269 314 467 189 307 443 189 225 311 453 293 617 359 216 414 237 382 -1 181 227 590 398 407 254 121 237 278 331 123 393 321 307 268 108 319 503 398 215 103 487 288 561 168 366 304 450 473 277 297 209 510 422 73 136 213 393 118 451 181 466 177 443 510 317 351 225 413 610 279 347 176 365 214 433 179 451 46 234 241 96 330 201 310 248 397 314 258 309 606 228 528 128 
469 480 510 408 297 264 630 403 451 496 348 91 216 580 202 400 364 285 184 446 500 120 591 79 561 181 -1 392 411 248 404 261 294 287 219 309 296 400 500 252 324 234 161 345 326 74 285 641 465 490 342 464 299 507 322 394 445 389 455 245 246 257 341 305 203 304 145 470 28 488 341 182 503 43 494 545 158 518 353 431 333 556 272 619 136 311 381 94 216 249 300 337 266 224 439 268 490 187 348 147 
492 448 405 578 672 602 240 299 143 190 574 357 532 232 270 45 473 622 427 837 395 369 209 423 187 227 392 -1 774 624 393 455 198 236 373 366 105 372 135 525 238 280 490 653 468 439 150 261 94 599 196 225 331 585 700 378 87 84 538 637 153 148 322 616 206 592 313 431 377 357 676 466 129 434 283 634 507 127 69 273 123 240 174 227 270 197 76 320 459 234 511 393 624 425 115 373 695 449 721 267 
834 863 695 707 118 445 997 809 857 904 310 417 471 909 513 793 714 157 359 268 899 404 983 355 956 590 411 774 -1 351 574 601 706 583 431 502 693 587 897 533 609 641 283 170 418 413 692 992 859 482 754 758 523 838 344 785 803 790 500 231 647 625 741 503 568 227 461 622 413 702 115 314 860 369 760 528 420 900 750 692 680 868 613 995 546 624 739 505 338 561 610 718 402 381 842 463 354 522 73 507 
508 550 744 360 248 95 864 538 652 689 479 328 138 826 448 623 387 323 374 234 604 346 809 273 775 398 248 624 351 -1 629 282 480 534 437 533 521 629 714 196 570 391 291 397 513 186 493 882 685 657 521 713 531 495 75 486 686 603 640 123 471 502 461 152 450 396 388 693 273 727 355 342 743 219 741 713 122 745 574 677 580 804 520 849 353 560 625 303 388 496 273 413 51 418 647 488 599 218 279 396 
787 767 122 788 520 666 523 633 534 583 276 312 620 394 223 436 714 424 259 757 743 287 570 357 562 407 404 393 574 629 -1 636 494 177 192 96 395 22 522 653 159 515 351 408 157 479 441 492 484 215 527 233 107 856 691 680 358 464 152 565 389 299 615 710 289 348 264 65 376 129 459 299 398 417 208 242 561 481 426 153 272 340 248 539 406 202 320 424 257 206 686 655 660 217 507 141 346 579 556 292 
232 268 724 152 485 205 679 271 428 453 608 342 143 685 413 436 113 515 444 513 323 374 597 338 559 254 261 455 601 282 636 -1 265 481 469 548 354 627 503 94 515 174 413 585 583 208 304 713 484 749 291 621 529 249 342 206 537 402 710 376 315 390 194 187 364 555 376 700 285 691 565 442 585 279 667 803 181 554 389 617 468 682 432 655 235 485 488 212 477 443 56 133 248 483 433 513 749 81 528 344 
307 275 547 380 592 437 414 140 172 209 585 310 365 430 293 172 275 573 413 709 250 337 336 357 300 121 294 198 706 480 494 265 -1 317 391 431 112 478 241 345 341 93 440 624 509 311 57 449 219 667 47 398 400 393 553 193 284 137 613 525 105 196 130 439 212 572 298 548 295 504 629 438 325 337 452 713 357 289 129 420 251 435 248 390 160 299 248 201 450 290 319 196 468 431 171 416 723 276 642 243 
613 591 243 630 498 548 421 456 368 419 343 207 492 326 85 274 548 425 223 706 566 198 435 271 419 237 287 236 583 534 177 481 317 -1 154 130 219 160 371 513 37 343 309 440 232 359 264 410 331 366 350 183 94 686 605 505 230 296 307 502 212 122 439 584 118 376 147 232 260 210 474 269 284 315 207 406 442 346 255 144 114 289 71 426 245 43 174 274 246 39 534 484 553 206 343 139 459 435 543 144 
649 643 308 620 353 475 575 529 490 541 202 128 434 478 105 404 560 273 75 577 638 99 580 165 561 278 219 373 431 437 192 469 391 154 -1 96 324 192 507 472 178 380 169 286 120 292 350 564 467 286 434 327 100 704 500 553 382 417 241 378 294 231 490 522 185 223 98 256 191 297 321 121 438 227 335 338 373 493 374 266 261 437 200 578 259 197 322 260 93 140 514 513 468 52 468 51 333 402 396 149 
711 697 213 700 437 569 536 571 498 549 227 217 525 423 142 404 631 347 166 668 681 191 561 260 548 331 309 366 502 533 96 548 431 130 96 -1 343 97 500 559 133 438 260 343 107 384 382 515 460 239 468 263 35 774 596 608 352 425 182 472 326 244 543 614 218 280 172 161 280 206 387 209 402 321 258 282 465 472 383 191 243 375 198 545 324 170 301 335 170 143 596 577 563 127 473 45 331 487 476 208 
420 385 437 483 586 497 343 242 168 219 525 277 427 331 218 103 383 547 363 738 350 296 295 337 265 123 296 105 693 521 395 354 112 219 324 343 -1 377 204 420 237 181 412 586 433 338 56 366 169 582 133 285 310 506 597 305 183 97 525 541 50 99 243 511 139 529 244 445 286 394 603 397 232 340 340 625 402 224 57 309 139 330 147 327 168 194 138 218 398 200 410 306 520 371 150 337 657 344 636 191 
773 752 116 779 529 663 502 617 513 563 292 309 616 373 213 415 703 435 262 763 726 285 548 356 540 393 400 372 587 629 22 627 478 160 192 97 377 -1 501 646 140 501 356 422 171 475 424 471 463 237 509 212 101 843 693 665 336 445 174 569 373 282 600 706 275 361 257 73 371 115 471 305 376 415 188 264 558 459 406 131 252 320 230 517 395 183 299 415 263 192 678 642 658 223 487 142 366 572 566 282 
475 417 519 599 790 677 187 277 78 90 708 480 605 262 403 104 489 748 557 937 344 496 95 542 61 321 500 135 897 714 522 503 241 371 507 500 204 501 -1 585 371 335 615 783 603 536 221 238 40 732 211 327 465 575 789 370 173 111 670 743 253 278 330 680 333 723 441 554 490 470 804 595 166 543 384 765 592 75 147 390 257 297 308 156 368 331 202 417 590 369 555 408 706 558 69 508 830 517 841 391 
311 355 751 176 420 112 756 365 514 542 583 343 62 749 436 511 191 467 433 422 416 373 680 321 644 307 252 525 533 196 653 94 345 513 472 559 420 646 585 -1 549 251 383 540 577 183 377 786 563 740 376 669 546 304 250 299 602 481 707 303 376 439 287 95 403 519 389 718 280 723 512 421 653 256 711 796 122 632 463 655 520 741 475 734 276 525 548 239 461 474 77 227 157 475 516 520 719 79 460 369 
641 616 211 664 528 585 404 478 376 426 357 243 529 300 122 279 580 451 251 740 587 232 428 306 416 268 324 238 609 570 159 515 341 37 178 133 237 140 371 549 -1 374 339 461 240 396 286 388 331 361 370 151 99 717 641 531 218 306 299 536 237 144 466 621 151 397 183 207 297 175 499 297 269 351 171 396 479 339 267 107 115 259 93 412 280 43 169 310 271 76 569 514 590 229 350 154 465 471 572 181 
272 262 585 303 525 343 506 169 265 298 559 275 272 511 296 261 208 519 384 622 268 306 430 306 394 108 234 280 641 391 515 174 93 343 380 438 181 501 335 251 374 -1 391 577 500 233 130 538 312 665 131 458 411 343 463 173 363 230 616 446 148 234 112 345 226 531 281 574 242 546 575 400 410 273 509 715 268 381 214 467 306 511 282 483 121 337 318 141 421 309 230 141 376 411 265 414 700 183 574 232 
629 641 473 553 189 351 714 559 578 628 200 135 330 634 232 510 521 134 94 408 659 120 699 84 674 319 161 490 283 291 351 413 440 309 169 260 412 356 615 383 339 391 -1 185 222 205 417 712 577 368 487 490 269 661 345 555 520 510 348 213 368 342 501 406 284 143 178 412 149 465 191 52 579 133 503 424 264 617 469 434 398 598 331 711 280 348 456 249 98 282 444 498 332 134 562 214 337 333 235 223 
809 825 527 715 167 480 861 745 754 805 139 314 481 762 383 679 696 74 226 407 845 291 862 270 840 503 345 653 170 397 408 585 624 440 286 343 586 422 783 540 461 577 185 -1 251 377 598 850 744 315 671 605 368 833 422 739 668 684 329 279 546 505 686 539 451 64 342 453 334 537 60 189 724 312 601 365 418 776 641 534 547 717 483 864 465 484 607 435 195 426 609 680 447 233 736 309 209 504 177 395 
769 763 277 733 371 566 643 647 594 646 123 241 534 528 217 503 678 270 145 613 757 208 667 257 652 398 326 468 418 513 157 583 509 232 120 107 433 171 603 577 240 500 222 251 -1 395 465 622 563 166 550 366 140 822 568 673 458 521 130 432 409 336 610 617 299 191 219 205 299 285 302 171 509 323 354 220 470 577 479 290 347 479 295 652 380 274 406 378 125 236 626 633 551 102 571 96 227 513 403 269 
432 453 585 348 295 190 679 398 478 520 403 166 141 640 275 441 319 309 250 401 485 193 630 138 597 215 74 439 413 186 479 208 311 359 292 384 338 475 536 183 396 233 205 377 395 -1 315 696 504 556 357 532 374 457 261 372 500 424 524 213 287 316 328 230 266 347 219 545 103 562 361 239 557 73 565 612 83 562 392 504 395 620 338 666 169 380 439 119 278 320 239 307 195 292 471 342 542 128 343 216 
364 332 490 429 581 460 380 192 166 212 548 283 389 381 248 134 327 552 379 716 301 307 316 337 282 103 285 150 692 493 441 304 57 264 350 382 56 424 221 377 286 130 417 598 465 315 -1 409 192 620 86 341 350 449 568 250 234 109 564 525 56 142 187 469 166 543 262 494 279 447 608 409 280 328 396 665 372 256 85 363 194 383 193 360 149 244 193 197 416 239 360 250 487 394 156 370 684 303 631 206 
712 655 433 826 901 863 63 514 314 324 743 590 794 100 480 277 717 834 632 1086 582 593 184 658 212 487 641 261 992 882 492 713 449 410 564 515 366 471 238 786 388 538 712 850 622 696 409 -1 239 705 433 259 485 812 957 604 196 313 643 883 414 384 559 877 441 786 536 496 623 390 884 677 138 681 292 722 766 167 323 339 315 156 381 101 529 367 260 579 657 430 768 635 884 616 297 542 837 711 948 502 
475 420 485 588 754 651 196 275 79 111 668 442 580 248 363 66 479 710 518 905 353 457 126 505 97 288 465 94 859 685 484 484 219 331 467 460 169 463 40 563 331 312 577 744 563 504 192 239 -1 692 196 295 425 573 760 366 141 82 631 710 219 239 320 657 294 684 402 518 455 436 765 556 144 509 353 726 563 72 112 355 217 276 268 171 335 291 164 385 551 328 537 397 679 518 58 468 790 493 804 353 
935 927 288 899 473 719 738 807 735 786 185 407 693 606 374 639 845 367 307 719 917 375 784 418 774 561 490 599 482 657 215 749 667 366 286 239 582 237 732 740 361 665 368 315 166 556 620 705 692 -1 707 447 273 989 703 838 571 663 63 560 564 483 774 773 455 278 384 213 465 321 375 322 613 484 414 56 628 694 622 367 476 550 437 755 545 402 529 545 279 382 791 800 700 266 710 252 159 678 491 433 
296 255 571 392 640 474 393 109 137 167 630 357 402 424 333 162 283 621 458 752 216 383 305 404 268 168 342 196 754 521 527 291 47 350 434 468 133 509 211 376 370 131 487 671 550 357 86 433 196 707 -1 411 436 388 594 181 284 121 651 570 142 228 127 472 252 619 343 578 343 527 677 485 318 385 468 751 399 268 129 442 272 437 279 366 208 328 258 249 496 326 343 202 507 476 142 456 767 313 690 287 
704 666 194 761 679 719 291 518 363 405 489 390 657 162 268 269 665 600 401 890 618 382 352 455 352 366 464 225 758 713 233 621 398 183 327 263 285 212 327 669 151 458 490 605 366 532 341 259 295 447 411 -1 236 791 785 590 153 309 384 686 310 231 529 748 268 541 330 243 439 146 645 448 175 495 58 468 613 269 284 80 153 112 196 310 392 152 153 433 419 217 677 591 728 376 336 296 577 589 723 316 
684 668 213 681 451 562 504 540 463 514 258 208 515 394 116 369 608 366 175 677 650 186 527 258 513 304 299 331 523 531 107 529 400 94 100 35 310 101 465 546 99 411 269 368 140 374 350 485 425 273 436 236 -1 750 597 580 318 390 215 478 295 210 515 605 188 304 156 172 270 197 410 221 369 316 237 315 457 437 349 169 208 348 164 512 300 135 266 316 186 110 578 552 559 143 438 60 366 471 493 185 
101 167 928 138 724 402 763 298 498 496 856 582 366 813 633 550 144 762 688 703 255 615 654 586 617 450 507 585 838 495 856 249 393 686 704 774 506 843 575 304 717 343 661 833 822 457 449 812 573 989 388 791 750 -1 535 208 673 509 946 607 485 576 263 354 568 804 607 916 529 889 811 689 706 528 845 1042 420 644 516 807 642 825 625 730 450 679 642 444 722 652 228 202 449 724 515 745 997 329 764 566 
559 606 809 397 260 138 940 605 725 762 520 398 200 901 519 698 440 351 433 172 666 413 884 339 850 473 322 700 344 75 691 342 553 605 500 596 597 693 789 250 641 463 345 422 568 261 568 957 760 703 594 785 597 535 -1 548 762 678 691 144 546 577 528 181 524 432 458 755 346 794 373 398 819 289 812 758 196 821 649 747 655 878 594 925 429 632 700 379 444 568 324 475 93 477 721 551 630 286 278 469 
114 89 739 240 667 411 558 93 292 297 730 446 348 604 466 342 133 677 555 718 118 478 453 471 415 277 394 378 785 486 680 206 193 505 553 608 305 665 370 299 531 173 555 739 673 372 250 604 366 838 181 590 580 208 548 -1 466 300 788 570 294 386 65 388 391 697 454 737 407 697 731 568 498 428 645 887 375 437 310 613 444 618 438 526 294 491 438 308 592 474 236 72 454 584 307 586 872 270 714 405 
580 534 346 664 708 672 194 385 212 252 574 395 604 147 289 126 560 647 446 890 478 400 212 463 205 297 445 87 803 686 358 537 284 230 382 352 183 336 173 602 218 363 520 668 458 500 234 196 141 571 284 153 318 673 762 466 -1 168 508 687 226 187 410 691 244 605 342 384 426 297 699 489 58 484 211 600 573 123 156 218 122 152 189 195 336 186 64 385 473 243 593 480 691 435 186 370 683 525 756 306 
413 366 486 513 682 568 276 217 73 124 619 375 497 303 311 42 405 644 459 825 310 393 206 434 173 209 389 84 790 603 464 402 137 296 417 425 97 445 111 481 306 230 510 684 521 424 109 313 82 663 121 309 390 509 678 300 168 -1 603 632 143 186 249 575 234 625 341 507 381 439 700 494 197 433 367 702 481 151 43 354 193 319 227 253 256 262 158 305 494 285 457 323 596 465 52 425 747 410 732 288 
888 877 232 861 476 696 675 753 675 725 191 368 664 544 322 578 801 370 275 722 863 336 721 388 712 510 455 538 500 640 152 710 613 307 241 182 525 174 670 707 299 616 348 329 130 524 564 643 631 63 651 384 215 946 691 788 508 603 -1 551 509 426 724 747 401 282 338 155 428 262 388 298 550 453 353 100 600 632 562 304 414 489 378 692 498 341 467 502 253 325 754 753 680 232 649 201 207 641 500 383 
609 642 685 475 125 216 875 607 690 733 376 297 241 816 417 645 488 207 306 204 687 303 836 230 805 422 245 637 231 123 565 376 525 502 378 472 541 569 743 303 536 446 213 279 432 213 525 883 710 560 570 686 478 607 144 570 687 632 551 -1 491 499 534 274 442 288 356 626 260 676 233 266 745 203 705 615 196 763 597 638 570 787 506 865 376 535 623 327 310 469 380 500 175 347 681 427 486 300 158 382 
405 379 445 451 538 448 393 245 210 259 493 233 379 373 192 154 355 503 326 687 355 254 345 291 314 73 246 153 647 471 389 315 105 212 294 326 50 373 253 376 237 148 368 546 409 287 56 414 219 564 142 310 295 485 546 294 226 143 509 491 -1 92 229 465 110 490 207 443 237 404 559 357 278 290 361 609 353 275 106 322 158 367 143 378 118 196 173 168 362 185 371 283 470 338 195 314 628 298 588 152 
497 471 353 533 525 496 377 334 259 311 433 211 431 323 125 174 442 473 279 702 444 221 358 277 334 136 257 148 625 502 299 390 196 122 231 244 99 282 278 439 144 234 342 505 336 316 142 384 239 483 228 231 210 576 577 386 187 186 426 499 92 -1 322 521 58 445 164 352 239 313 527 318 246 297 277 526 393 275 143 232 81 305 51 371 163 104 123 206 312 101 446 373 510 280 237 239 561 359 574 120 
176 153 675 269 624 396 516 77 252 267 671 387 328 551 402 289 159 626 496 695 158 418 419 416 381 213 341 322 741 461 615 194 130 439 490 543 243 600 330 287 466 112 501 686 610 328 187 559 320 774 127 529 515 263 528 65 410 249 724 534 229 322 -1 381 326 642 392 672 352 633 681 511 445 378 583 823 344 393 253 550 381 562 373 487 233 426 378 251 533 409 237 77 435 523 264 522 812 243 672 341 
383 435 815 216 399 59 850 458 609 637 604 397 91 837 503 604 268 465 472 350 503 423 776 360 739 393 305 616 503 152 710 187 439 584 522 614 511 706 680 95 621 345 406 539 617 230 469 877 657 773 472 748 605 354 181 388 691 575 747 274 465 521 381 -1 479 530 449 775 334 790 502 451 743 295 786 829 149 725 555 728 602 825 552 828 358 600 635 315 495 544 153 317 100 516 611 572 733 166 431 439 
498 479 362 512 467 450 435 352 306 357 386 152 388 376 82 228 429 416 225 646 462 163 415 219 390 118 203 206 568 450 289 364 212 118 185 218 139 275 333 403 151 226 284 451 299 266 166 441 294 455 252 268 188 568 524 391 244 234 401 442 110 58 326 479 -1 391 108 348 182 327 471 262 303 241 308 501 345 333 191 254 130 354 72 429 129 122 180 164 260 83 418 367 461 232 286 204 519 323 516 62 
773 784 468 692 195 472 798 697 697 748 93 261 463 698 321 619 664 89 166 441 799 236 801 226 779 451 304 592 227 396 348 555 572 376 223 280 529 361 723 519 397 531 143 64 191 347 543 786 684 278 619 541 304 804 432 697 605 625 282 288 490 445 642 530 391 -1 284 395 290 476 111 134 661 277 538 331 398 714 583 471 484 653 420 801 415 420 545 390 133 363 584 642 444 170 678 245 203 475 218 338 
550 544 366 528 365 409 536 433 412 463 287 60 359 462 61 336 463 308 118 561 541 57 523 125 499 181 145 313 461 388 264 376 298 147 98 172 244 257 441 389 183 281 178 342 219 219 262 536 402 384 343 330 156 607 458 454 342 341 338 356 207 164 392 449 108 284 -1 329 117 343 363 154 401 169 354 436 303 439 299 289 221 430 154 533 161 179 278 164 154 112 424 415 410 133 393 138 425 315 413 55 
845 823 78 852 575 731 534 686 573 621 316 378 686 396 286 475 776 476 321 815 795 353 592 421 589 466 470 431 622 693 65 700 548 232 256 161 445 73 554 718 207 574 412 453 205 545 494 496 518 213 578 243 172 916 755 737 384 507 155 626 443 352 672 775 348 395 329 -1 441 107 506 360 416 483 203 226 627 506 470 167 314 339 300 554 469 250 355 488 316 264 751 715 724 278 546 205 362 644 609 356 
487 495 482 434 301 292 614 410 445 491 328 63 244 559 175 388 385 279 159 463 510 92 580 64 551 177 28 377 413 273 376 285 295 260 191 280 286 371 490 280 297 242 149 334 299 103 279 623 455 465 343 439 270 529 346 407 426 381 428 260 237 239 352 334 182 290 117 441 -1 460 335 162 485 58 468 519 186 504 343 404 312 533 249 605 134 286 362 100 193 223 326 354 293 198 432 240 470 213 352 124 
810 779 48 840 642 752 430 636 500 545 405 400 699 290 287 403 754 549 371 873 741 381 498 455 498 443 488 357 702 727 129 691 504 210 297 206 394 115 470 723 175 546 465 537 285 562 447 390 436 321 527 146 197 889 794 697 297 439 262 676 404 313 633 790 327 476 343 107 460 -1 586 415 321 509 98 332 645 415 408 85 255 233 264 453 456 209 281 485 376 249 745 686 752 333 473 250 467 645 680 353 
793 814 579 688 113 443 892 744 769 819 197 326 451 799 409 699 678 56 253 347 840 308 886 272 862 510 341 676 115 355 459 565 629 474 321 387 603 471 804 512 499 575 191 60 302 361 608 884 765 375 677 645 410 811 373 731 699 700 388 233 559 527 681 502 471 111 363 506 335 586 -1 210 755 303 645 425 391 801 659 578 576 757 510 893 469 517 636 434 227 456 584 669 406 269 753 350 265 483 117 412 
650 657 421 586 231 398 683 564 565 615 166 127 372 596 199 490 546 157 46 458 668 102 676 103 653 317 182 466 314 342 299 442 438 269 121 209 397 305 595 421 297 400 52 189 171 239 409 677 556 322 485 448 221 689 398 568 489 494 298 266 357 318 511 451 262 134 154 360 162 415 210 -1 546 165 457 378 306 591 452 388 366 557 300 683 282 310 426 260 45 247 477 516 381 82 547 164 308 365 274 206 
610 560 369 706 766 727 137 412 223 253 626 454 658 106 347 156 600 704 502 948 497 459 177 521 179 351 503 129 860 743 398 585 325 284 438 402 232 376 166 653 269 410 579 724 509 557 280 138 144 613 318 175 369 706 819 498 58 197 550 745 278 246 445 743 303 661 401 416 485 321 755 546 -1 543 227 638 629 97 196 250 180 131 247 143 392 241 123 441 529 299 641 519 747 490 199 422 731 577 814 365 
497 512 529 421 254 248 671 442 494 540 330 109 210 617 229 443 387 248 178 405 537 130 635 65 605 225 43 434 369 219 417 279 337 315 227 321 340 415 543 256 351 273 133 312 323 73 328 681 509 484 385 495 316 528 289 428 484 433 453 203 290 297 378 295 241 277 169 483 58 509 303 165 543 -1 522 540 146 561 396 458 370 591 307 662 179 343 421 136 205 278 312 368 243 221 483 278 470 200 304 182 
760 723 144 810 688 754 332 576 422 463 477 414 695 192 293 328 717 603 410 908 676 402 404 476 407 413 494 283 760 741 208 667 452 207 335 258 340 188 384 711 171 509 503 601 354 565 396 292 353 414 468 58 237 845 812 645 211 367 353 705 361 277 583 786 308 538 354 203 468 98 645 457 227 522 -1 429 647 323 342 68 203 136 236 356 435 186 211 472 423 245 723 643 760 380 395 297 553 631 730 349 
986 977 293 954 525 776 759 853 773 823 239 461 749 622 422 676 898 420 362 770 964 429 812 474 805 610 545 634 528 713 242 803 713 406 338 282 625 264 765 796 396 715 424 365 220 612 665 722 726 56 751 468 315 1042 758 887 600 702 100 615 609 526 823 829 501 331 436 226 519 332 425 378 638 540 429 -1 684 723 661 389 511 565 477 778 596 439 562 598 335 425 846 851 756 321 747 301 187 733 542 482 
414 446 669 297 304 106 746 419 529 566 465 249 65 716 358 503 294 345 324 354 493 274 688 212 653 279 158 507 420 122 561 181 357 442 373 465 402 558 592 122 479 268 264 418 470 83 372 766 563 628 399 613 457 420 196 375 573 481 600 196 353 393 344 149 345 398 303 627 186 645 391 306 629 146 647 684 -1 626 454 587 473 698 418 730 237 462 513 188 349 403 193 304 118 368 525 423 599 104 347 298 
545 489 464 661 799 717 125 346 147 165 689 485 646 188 393 122 551 748 550 962 419 496 89 550 83 347 518 127 900 745 481 554 289 346 493 472 224 459 75 632 339 381 617 776 577 562 256 167 72 694 268 269 437 644 821 437 123 151 632 763 275 275 393 725 333 714 439 506 504 415 801 591 97 561 323 723 626 -1 172 339 232 225 293 103 393 303 172 443 581 352 608 470 742 545 129 486 804 560 848 394 
425 382 454 509 643 545 294 234 116 167 576 334 474 301 268 49 404 603 417 793 335 351 238 395 208 176 353 69 750 574 426 389 129 255 374 383 57 406 147 463 267 214 469 641 479 392 85 323 112 622 129 284 349 516 649 310 156 43 562 597 106 143 253 555 191 583 299 470 343 408 659 452 196 396 342 661 454 172 -1 322 156 309 185 276 222 223 131 272 451 242 445 324 570 422 95 382 704 389 693 246 
727 695 132 764 620 693 371 551 416 461 414 349 636 241 229 318 675 535 342 840 656 335 425 410 422 365 431 273 692 677 153 617 420 144 266 191 309 131 390 655 107 467 434 534 290 504 363 339 355 367 442 80 169 807 747 613 218 354 304 638 322 232 550 728 254 471 289 167 404 85 578 388 250 458 68 389 587 339 322 -1 169 189 185 389 383 132 196 416 355 183 672 605 698 312 388 228 498 576 662 289 
558 525 299 608 586 576 316 381 262 311 457 275 512 246 166 164 513 524 323 775 486 278 321 343 305 214 333 123 680 580 272 468 251 114 261 243 139 252 257 520 115 306 398 547 347 395 194 315 217 476 272 153 208 642 655 444 122 193 414 570 158 81 381 602 130 484 221 314 312 255 576 366 180 370 203 511 473 232 156 169 -1 225 66 317 244 73 61 287 351 121 524 440 590 314 235 254 574 440 634 188 
732 685 277 813 787 801 202 536 354 385 601 489 736 57 370 277 711 711 510 991 626 485 291 556 303 433 556 240 868 804 340 682 435 289 437 375 330 320 297 741 259 511 598 717 479 620 383 156 276 550 437 112 348 825 878 618 152 319 489 787 367 305 562 825 354 653 430 339 533 233 757 557 131 591 136 565 698 225 309 189 225 -1 284 230 467 251 193 512 530 318 738 632 815 487 329 408 686 662 832 409 
548 523 303 578 519 523 383 386 299 351 399 209 461 310 100 208 490 458 258 710 495 212 380 277 361 179 272 174 613 520 248 432 248 71 200 198 147 230 308 475 93 282 331 483 295 338 193 381 268 437 279 196 164 625 594 438 189 227 378 506 143 51 373 552 72 420 154 300 249 264 510 300 247 307 236 477 418 293 185 185 66 284 -1 382 199 54 125 237 287 60 487 422 533 252 275 200 522 395 567 125 
629 569 500 756 896 820 38 433 235 235 769 582 749 176 483 226 646 840 640 1064 492 591 84 648 116 451 619 227 995 849 539 655 390 426 578 545 327 517 156 734 412 483 711 864 652 666 360 101 171 755 366 310 512 730 925 526 195 253 692 865 378 371 487 828 429 801 533 554 605 453 893 683 143 662 356 778 730 103 276 389 317 230 382 -1 496 382 256 546 669 438 708 565 846 631 223 565 875 663 945 491 
389 383 489 385 433 336 510 281 315 360 438 155 269 481 183 271 308 412 263 570 386 185 461 196 429 46 136 270 546 353 406 235 160 245 259 324 168 395 368 276 280 121 280 465 380 169 149 529 335 545 208 392 300 450 429 294 336 256 498 376 118 163 233 358 129 415 161 469 134 456 469 282 392 179 435 596 237 393 222 383 244 467 199 496 -1 251 278 50 300 207 289 254 355 290 305 296 579 196 483 115 
602 575 248 632 537 568 378 436 333 384 387 238 509 286 118 237 544 467 265 740 544 233 392 304 378 234 311 197 624 560 202 485 299 43 197 170 194 183 331 525 43 337 348 484 274 380 244 367 291 402 328 152 135 679 632 491 186 262 341 535 196 104 426 600 122 420 179 250 286 209 517 310 241 343 186 439 462 303 223 132 73 251 54 382 251 -1 131 286 289 66 540 477 576 250 307 183 501 446 583 164 
553 513 329 621 643 614 257 365 219 266 517 330 547 202 226 121 521 584 383 826 465 336 261 398 247 241 381 76 739 625 320 488 248 174 322 301 138 299 202 548 169 318 456 607 406 439 193 260 164 529 258 153 266 642 700 438 64 158 467 623 173 123 378 635 180 545 278 355 362 281 636 426 123 421 211 562 513 172 131 196 61 193 125 256 278 131 -1 325 412 182 545 444 631 375 192 314 632 470 692 241 
393 396 515 365 391 289 561 310 362 406 423 140 225 528 201 321 299 378 249 520 409 173 511 165 478 96 94 320 505 303 424 212 201 274 260 335 218 415 417 239 310 141 249 435 378 119 197 579 385 545 249 433 316 444 379 308 385 305 502 327 168 206 251 315 164 390 164 488 100 485 434 260 441 136 472 598 188 443 272 416 287 512 237 546 50 286 325 -1 285 235 263 258 306 281 353 302 565 160 441 133 
678 681 379 624 266 443 666 581 566 617 138 146 414 572 188 486 578 180 37 500 687 114 667 140 646 330 216 459 338 388 257 477 450 246 93 170 398 263 590 461 271 421 98 195 125 278 416 657 551 279 496 419 186 722 444 592 473 494 253 310 362 312 533 495 260 133 154 316 193 376 227 45 529 205 423 335 349 581 451 355 351 530 287 669 300 289 412 285 -1 230 515 544 427 43 546 127 280 402 306 209 
581 561 281 593 471 509 436 430 358 409 339 172 453 352 51 268 512 404 203 673 540 167 440 238 421 201 249 234 561 496 206 443 290 39 140 143 200 192 369 474 76 309 282 426 236 320 239 430 328 382 326 217 110 652 568 474 243 285 325 469 185 101 409 544 83 363 112 264 223 249 456 247 299 278 245 425 403 352 242 183 121 318 60 438 207 66 182 235 230 -1 496 450 515 193 334 140 462 395 518 105 
235 283 777 109 496 186 733 312 479 501 643 386 139 741 465 491 116 537 484 496 350 418 648 375 610 310 300 511 610 273 686 56 319 534 514 596 410 678 555 77 569 230 444 609 626 239 360 768 537 791 343 677 578 228 324 236 593 457 754 380 371 446 237 153 418 584 424 751 326 745 584 477 641 312 723 846 193 608 445 672 524 738 487 708 289 540 545 263 515 496 -1 166 232 524 485 560 781 113 536 396 
135 145 725 191 600 339 593 147 330 344 681 399 276 624 435 363 81 615 508 646 190 431 497 416 459 248 337 393 718 413 655 133 196 484 513 577 306 642 408 227 514 141 498 680 633 307 250 635 397 800 202 591 552 202 475 72 480 323 753 500 283 373 77 317 367 642 415 715 354 686 669 516 519 368 643 851 304 470 324 605 440 632 422 565 254 477 444 258 544 450 166 -1 382 539 341 551 823 199 646 370 
468 513 772 312 300 47 863 513 640 674 524 352 107 833 468 619 348 372 409 264 572 373 802 303 767 397 266 624 402 51 660 248 468 553 468 563 520 658 706 157 590 376 332 447 551 195 487 884 679 700 507 728 559 449 93 454 691 596 680 175 470 510 435 100 461 444 410 724 293 752 406 381 747 243 760 756 118 742 570 698 590 815 533 846 355 576 631 306 427 515 232 382 -1 454 638 519 647 195 330 412 
675 673 339 632 309 466 627 566 538 589 154 142 432 530 155 455 580 223 44 540 674 109 633 156 612 314 224 425 381 418 217 483 431 206 52 127 371 223 558 475 229 411 134 233 102 292 394 616 518 266 476 376 143 724 477 584 435 465 232 347 338 280 523 516 232 170 133 278 198 333 269 82 490 221 380 321 368 545 422 312 314 487 252 631 290 250 375 281 43 193 524 539 454 -1 517 84 292 411 349 188 
416 362 521 532 733 608 252 217 27 76 670 427 536 304 362 71 423 697 512 872 297 445 164 486 129 258 439 115 842 647 507 433 171 343 468 473 150 487 69 516 350 265 562 736 571 471 156 297 58 710 142 336 438 515 721 307 186 52 649 681 195 237 264 611 286 678 393 546 432 473 753 547 199 483 395 747 525 129 95 388 235 329 275 223 305 307 192 353 546 334 485 341 638 517 -1 475 797 448 783 341 
686 676 259 666 393 526 558 555 498 550 204 177 484 453 122 408 601 306 120 623 665 149 575 216 558 309 268 373 463 488 141 513 416 139 51 45 337 142 508 520 154 414 214 309 96 342 370 542 468 252 456 296 60 745 551 586 370 425 201 427 314 239 522 572 204 245 138 205 240 250 350 164 422 278 297 301 423 486 382 228 254 408 200 565 296 183 314 302 127 140 560 551 519 84 475 -1 322 450 434 181 
957 961 439 890 376 676 863 858 820 872 142 426 665 739 438 730 854 279 316 612 965 394 893 411 879 606 490 695 354 599 346 749 723 459 333 331 657 366 830 719 465 700 337 209 227 542 684 837 790 159 767 577 366 997 630 872 683 747 207 486 628 561 812 733 519 203 425 362 470 467 265 308 731 470 553 187 599 804 704 498 574 686 522 875 579 501 632 565 280 462 781 823 647 292 797 322 -1 670 381 480 
312 342 675 222 405 160 683 320 448 480 531 274 89 671 360 438 194 433 371 452 389 305 613 262 577 228 187 449 522 218 579 81 276 435 402 487 344 572 517 79 471 183 333 504 513 128 303 711 493 678 313 589 471 329 286 270 525 410 641 300 298 359 243 166 323 475 315 644 213 645 483 365 577 200 631 733 104 560 389 576 440 662 395 663 196 446 470 160 402 395 113 199 195 411 448 450 670 -1 449 292 
761 791 678 633 50 373 949 741 797 843 309 363 398 869 468 737 641 132 321 230 828 355 928 299 901 528 348 721 73 279 556 528 642 543 396 476 636 566 841 460 572 574 235 177 403 343 631 948 804 491 690 723 493 764 278 714 756 732 500 158 588 574 672 431 516 218 413 609 352 680 117 274 814 304 730 542 347 848 693 662 634 832 567 945 483 583 692 441 306 518 536 646 330 349 783 434 381 449 -1 454 
504 494 382 496 405 405 497 379 359 409 342 90 347 435 69 286 423 357 173 586 488 104 475 157 450 128 147 267 507 396 292 344 243 144 149 208 191 282 391 369 181 232 223 395 269 216 206 502 353 433 287 316 185 566 469 405 306 288 383 382 152 120 341 439 62 338 55 356 124 353 412 206 365 182 349 482 298 394 246 289 188 409 125 491 115 164 241 133 209 105 396 370 412 188 341 181 480 292 454 -1 
