100
-1 297 841 116 333 585 384 792 578 575 937 903 163 508 331 781 708 119 261 417 561 511 478 597 687 238 830 676 390 95 391 330 583 91 558 371 583 719 490 377 529 130 522 827 435 543 551 641 190 634 592 253 351 519 70 159 241 319 927 864 449 424 864 521 714 187 517 743 631 49 208 154 327 404 257 610 126 601 925 437 476 503 470 277 327 284 675 238 218 480 344 554 606 796 189 499 199 543 631 536 
297 -1 832 182 354 741 136 908 474 825 991 996 456 408 251 614 601 416 71 685 363 349 569 772 518 112 686 647 189 291 409 562 612 212 487 289 651 850 533 564 776 364 340 862 500 591 543 507 137 724 698 367 594 641 251 180 435 367 962 926 301 666 872 304 804 202 662 852 742 260 291 420 112 452 532 869 186 616 939 263 324 682 594 536 533 428 679 468 480 489 626 339 605 766 403 708 452 417 676 620 
841 832 -1 841 516 460 730 360 383 764 230 329 842 434 583 448 309 870 769 791 570 527 390 512 467 740 381 185 662 928 454 672 260 799 349 543 291 392 352 572 737 734 556 124 409 304 296 402 890 299 347 588 698 407 783 740 642 523 172 214 548 698 57 623 279 949 449 331 346 864 1020 768 723 436 787 816 777 239 119 593 534 528 435 741 622 574 165 688 752 363 828 609 236 80 686 607 735 446 231 343 
116 182 841 -1 325 648 284 841 535 677 964 944 279 464 280 719 668 235 158 525 483 445 511 669 623 146 778 665 304 121 387 421 593 53 527 324 609 774 503 448 629 213 449 844 455 560 544 588 80 670 634 281 448 566 92 101 310 322 946 893 384 521 871 435 752 112 574 789 676 77 180 257 230 414 366 715 63 605 935 363 411 574 517 380 405 330 677 325 320 478 457 471 604 787 265 583 296 490 649 567 
333 354 516 325 -1 403 308 554 264 568 646 642 383 204 122 488 386 391 283 479 332 260 216 443 405 246 519 344 254 415 62 326 269 283 232 118 298 499 182 273 520 253 289 522 146 241 220 338 380 369 345 110 365 294 270 226 212 31 623 577 212 419 546 328 450 435 323 498 390 350 503 307 268 98 380 621 261 280 610 235 229 364 251 352 274 150 352 270 325 152 462 348 279 466 228 414 297 251 329 266 
585 741 460 648 403 -1 711 220 535 304 422 343 505 520 525 738 583 553 670 355 692 618 201 56 693 629 719 420 655 680 369 287 289 595 475 513 208 140 280 209 279 455 653 369 271 256 362 608 723 162 122 376 294 115 560 575 345 381 442 351 590 264 444 708 196 756 79 186 114 628 794 451 669 317 412 356 594 319 476 625 598 94 151 365 265 319 355 356 404 343 416 718 349 475 396 156 405 567 257 183 
384 136 730 284 308 711 -1 852 357 845 908 928 526 297 186 479 477 498 125 723 227 221 521 750 384 146 553 545 68 404 349 583 534 292 380 207 587 803 468 561 795 412 208 775 448 522 455 379 263 664 647 361 620 602 322 231 452 330 873 847 183 687 774 167 741 332 631 796 692 359 423 475 58 399 582 893 258 532 843 140 201 667 559 576 543 423 588 497 526 414 676 203 516 660 433 708 495 295 601 565 
792 908 360 841 554 220 852 -1 593 478 228 124 723 605 668 752 593 770 837 566 778 711 338 240 734 797 707 415 789 887 504 507 334 789 536 645 266 80 384 424 469 663 746 238 407 332 423 651 912 187 209 560 514 275 758 758 552 540 268 172 701 479 320 810 118 953 275 56 166 832 998 666 820 456 632 520 783 351 322 742 700 314 324 585 481 512 340 571 622 442 633 811 379 410 603 367 621 643 270 288 
578 474 383 535 264 535 357 593 -1 780 585 635 647 71 254 227 132 651 422 723 192 143 342 589 160 404 255 205 290 646 230 571 262 507 59 211 342 571 257 494 736 516 173 451 288 281 176 78 562 419 428 374 608 423 509 436 472 291 540 536 174 649 433 240 475 629 470 540 464 583 712 572 362 264 642 836 477 242 500 217 155 540 405 610 515 403 268 530 588 198 719 229 214 308 493 611 561 63 323 352 
575 825 764 677 568 304 845 478 780 -1 703 598 429 745 679 1001 856 487 763 167 899 825 444 254 940 723 997 708 807 654 566 263 570 628 724 686 497 405 529 295 49 465 856 670 492 528 624 858 757 465 420 485 231 379 587 645 393 538 734 638 780 159 747 897 495 763 329 467 418 625 765 422 791 520 321 56 644 602 774 803 796 249 379 298 301 426 650 357 358 582 255 916 630 776 422 171 380 795 554 457 
937 991 230 964 646 422 908 228 585 703 -1 130 898 623 740 678 534 938 923 778 778 724 458 456 690 889 612 380 840 1031 586 695 379 915 540 706 355 298 463 601 691 815 757 134 509 405 452 619 1025 307 354 687 710 430 891 869 709 643 64 74 734 687 173 825 234 1076 452 238 325 970 1135 832 890 551 820 748 901 376 131 779 725 513 475 772 658 654 322 741 799 502 837 815 391 307 759 578 791 646 317 401 
903 996 329 944 642 343 928 124 635 598 130 -1 842 660 749 762 608 888 925 691 826 766 434 365 760 888 705 438 862 998 587 629 394 893 583 720 344 204 463 542 591 775 800 208 497 406 479 682 1012 274 311 663 637 383 865 856 665 633 188 114 764 604 277 866 192 1056 392 161 271 940 1107 782 902 543 754 638 884 402 253 808 760 437 432 707 600 620 368 688 742 513 758 862 425 396 716 492 738 692 326 379 
163 456 842 279 383 505 526 723 647 429 898 842 -1 583 429 867 769 58 412 264 673 613 454 502 779 381 902 699 519 227 428 219 582 244 614 461 560 645 494 300 386 132 631 804 435 537 575 719 353 591 544 276 226 468 207 295 199 358 899 824 552 292 855 643 666 343 451 681 576 210 336 77 468 420 109 457 273 607 909 551 577 412 424 146 242 270 680 158 100 505 184 674 620 812 160 386 107 626 616 507 
508 408 434 464 204 520 297 605 71 745 623 660 583 -1 183 284 204 585 353 676 173 106 321 572 202 334 322 250 228 575 181 522 271 436 84 139 343 574 240 453 699 451 141 488 257 278 182 135 491 423 423 314 561 406 438 365 416 233 582 568 114 607 480 206 488 558 450 550 463 512 641 509 296 224 584 800 406 258 548 159 102 513 380 555 467 350 300 474 530 177 665 205 235 362 432 579 501 50 337 342 
331 251 583 280 122 525 186 668 254 679 740 749 429 183 -1 450 387 420 186 575 245 184 335 566 357 158 501 400 132 392 164 426 361 254 250 43 406 618 286 387 630 298 202 610 262 343 291 311 312 481 462 196 464 416 260 182 299 147 710 675 123 525 621 224 560 378 446 612 506 330 458 361 152 213 454 731 223 364 688 128 149 485 374 436 379 254 428 353 396 238 544 250 354 521 297 532 366 213 426 380 
781 614 448 719 488 738 479 752 227 1001 678 762 867 284 450 -1 159 866 581 950 251 274 557 794 96 576 91 336 428 838 458 798 450 702 278 411 533 748 472 720 958 735 274 556 511 483 379 149 728 601 622 598 836 632 710 628 699 516 620 650 335 875 505 314 638 798 681 704 651 778 886 793 508 491 868 1057 668 422 563 358 308 756 622 837 742 630 412 757 814 419 946 281 391 371 716 830 785 240 497 556 
708 601 309 668 386 583 477 593 132 856 534 608 769 204 387 159 -1 777 552 819 278 256 411 640 157 536 142 177 414 778 342 671 294 640 154 343 376 588 328 585 815 639 276 406 374 330 231 103 694 442 465 493 707 481 640 569 585 410 479 499 300 739 365 338 479 762 531 544 493 715 845 692 489 364 754 912 609 265 428 339 277 608 476 718 614 513 253 642 703 284 825 316 234 229 611 684 677 184 337 403 
119 416 870 235 391 553 498 770 651 487 938 888 58 585 420 866 777 -1 378 322 660 604 488 554 775 351 907 719 497 170 441 272 610 207 623 455 594 693 519 346 444 139 619 839 461 566 594 720 305 631 585 290 282 509 176 268 231 369 936 864 542 349 886 625 707 289 496 726 619 162 278 106 440 440 167 515 240 632 943 537 568 463 463 202 289 295 706 199 151 523 241 657 643 835 184 441 149 625 648 542 
261 71 769 158 283 670 125 837 422 763 923 925 412 353 186 581 552 378 -1 628 335 309 498 702 484 41 647 585 154 278 339 499 544 171 429 226 581 779 463 495 713 308 306 795 430 522 477 462 147 653 627 297 533 570 204 121 371 296 896 857 254 604 807 282 734 217 591 781 671 234 306 368 75 382 479 808 138 549 875 222 279 612 523 479 467 359 614 406 424 421 573 318 540 706 341 641 395 368 608 549 
417 685 791 525 479 355 723 566 723 167 778 691 264 676 575 950 819 322 628 -1 811 740 420 326 877 590 961 697 695 490 494 153 559 479 673 591 503 487 495 235 131 320 767 717 445 512 592 801 604 497 446 379 115 383 438 507 275 448 797 707 688 92 786 799 550 603 342 540 460 467 600 268 666 459 159 193 500 590 825 703 708 268 362 149 208 329 652 225 205 535 87 823 614 786 289 200 233 725 563 453 
561 363 570 483 332 692 227 778 192 899 778 826 673 173 245 251 278 660 335 811 -1 74 491 742 157 337 329 398 182 605 334 659 443 475 243 220 517 748 413 603 851 543 43 643 423 452 354 175 482 596 597 433 697 576 491 402 538 363 732 729 123 752 622 63 660 553 619 723 637 549 642 606 261 384 698 953 439 427 689 123 103 678 548 677 607 482 460 594 641 349 787 38 402 492 541 738 610 135 508 516 
511 349 527 445 260 618 221 711 143 825 724 766 613 106 184 274 256 604 309 740 74 -1 417 668 178 301 338 347 160 564 260 587 377 429 184 153 448 678 341 529 778 481 35 590 349 382 288 157 455 528 526 363 626 503 441 355 469 292 682 672 62 679 576 100 594 525 545 656 567 505 613 543 239 310 632 879 395 364 644 86 35 603 474 609 535 411 403 525 575 277 719 100 340 451 475 664 544 80 443 444 
478 569 390 511 216 201 521 338 342 444 458 434 454 321 335 557 411 488 498 420 491 417 -1 251 502 458 553 276 462 573 173 286 139 460 284 317 106 283 85 188 404 358 452 352 72 92 180 418 577 159 129 230 316 86 434 422 256 201 450 385 390 333 400 507 241 623 129 283 173 512 677 382 485 121 396 500 450 170 455 426 397 199 64 352 234 195 236 298 362 145 445 517 193 371 304 273 347 369 161 57 
597 772 512 669 443 56 750 240 589 254 456 365 502 572 566 794 640 554 702 326 742 668 251 -1 748 660 776 477 697 691 415 282 345 615 529 557 264 161 333 221 235 467 702 415 319 311 417 663 746 216 178 405 282 166 579 602 360 419 482 388 637 240 493 756 241 774 123 217 166 642 806 455 706 362 403 305 618 375 520 670 646 95 195 358 271 345 411 362 403 395 395 767 406 530 409 127 408 620 314 238 
687 518 467 623 405 693 384 734 160 940 690 760 779 202 357 96 157 775 484 877 157 178 502 748 -1 479 172 322 331 742 383 724 413 607 218 320 495 720 417 651 895 647 178 561 448 438 331 85 631 569 583 515 762 582 617 533 618 435 637 653 239 806 523 221 617 701 630 682 617 683 790 707 412 421 786 995 573 388 585 262 212 701 566 757 669 552 395 676 731 358 867 190 358 387 632 771 702 154 468 510 
238 112 740 146 246 629 146 797 404 723 889 888 381 334 158 576 536 351 41 590 337 301 458 660 479 -1 638 558 157 268 303 459 510 146 406 200 544 739 427 454 673 272 303 762 391 485 446 450 157 615 588 255 493 530 175 86 330 256 863 822 243 563 777 289 696 225 550 742 632 216 311 333 89 344 442 768 111 516 844 217 269 571 482 441 426 317 583 367 387 388 537 324 508 679 302 599 357 354 572 511 
830 686 381 778 519 719 553 707 255 997 612 705 902 322 501 91 142 907 647 961 329 338 553 776 172 638 -1 302 498 893 480 812 431 755 292 459 511 712 470 727 957 771 346 496 516 470 373 189 793 572 599 628 848 620 760 682 723 545 551 591 395 881 438 393 599 863 670 663 624 832 950 827 577 505 892 1053 723 401 490 425 369 749 617 858 756 652 375 781 841 426 965 362 370 308 747 826 814 288 467 542 
676 647 185 665 344 420 545 415 205 708 380 438 699 250 400 336 177 719 585 697 398 347 276 477 322 558 302 -1 477 759 284 559 139 626 165 359 213 412 208 463 672 580 378 246 266 184 125 243 709 269 299 430 591 329 614 564 501 356 335 334 364 609 230 446 302 771 378 367 322 694 845 622 537 279 660 764 602 107 298 409 351 460 336 619 504 429 75 553 617 196 718 435 83 122 539 539 596 267 165 251 
390 189 662 304 254 655 68 789 290 807 840 862 519 228 132 428 414 497 154 695 182 160 462 697 331 157 498 477 -1 425 289 550 468 300 312 144 523 743 404 518 758 396 153 707 389 458 388 317 301 601 587 322 587 544 323 231 420 279 804 780 116 651 706 131 677 371 576 732 630 373 460 460 80 341 563 858 265 464 774 74 136 617 504 551 506 382 519 469 505 349 656 167 448 591 408 663 474 230 535 504 
95 291 928 121 415 680 404 887 646 654 1031 998 227 575 392 838 778 170 278 490 605 564 573 691 742 268 893 759 425 -1 475 419 673 138 633 435 677 815 580 472 609 225 570 919 527 635 635 703 158 729 688 345 437 615 145 210 336 405 1020 958 503 508 954 557 809 122 613 839 727 64 114 240 352 493 332 684 170 689 1016 483 530 597 566 360 420 379 763 330 301 566 411 592 692 881 285 589 287 605 723 630 
391 409 454 387 62 369 349 504 230 566 586 587 428 181 164 458 342 441 339 494 334 260 173 415 383 303 480 284 289 475 -1 341 208 344 188 144 242 454 124 272 519 302 292 460 100 182 159 308 441 317 298 152 379 256 330 288 243 72 562 518 222 425 484 342 396 497 292 448 342 411 565 351 316 52 412 621 323 218 548 255 234 344 219 379 286 172 290 300 360 90 488 356 217 405 269 404 334 231 269 216 
330 562 672 421 326 287 583 507 571 263 695 629 219 522 426 798 671 272 499 153 659 587 286 282 724 459 812 559 550 419 341 -1 425 370 523 439 381 428 352 99 214 208 615 614 298 378 447 649 501 394 344 229 38 271 329 381 130 295 703 621 536 104 675 649 461 516 243 469 369 379 534 179 529 308 125 310 383 455 722 553 555 194 237 77 56 176 522 96 121 387 158 672 476 657 160 170 132 572 441 328 
583 612 260 593 269 289 534 334 262 570 379 394 582 271 361 450 294 610 544 559 443 377 139 345 413 510 431 139 468 673 208 425 -1 547 203 329 82 309 92 328 533 474 412 252 149 47 88 327 649 156 171 330 456 191 528 495 383 270 354 314 370 471 281 476 217 704 240 279 203 609 769 508 512 180 533 626 529 31 343 413 368 321 198 489 372 314 98 430 494 122 584 476 60 232 426 400 476 309 67 112 
91 212 799 53 283 595 292 789 507 628 915 893 244 436 254 702 640 207 171 479 475 429 460 615 607 146 755 626 300 138 344 370 547 -1 495 297 561 721 456 395 580 162 437 798 406 513 503 566 132 619 583 230 398 514 41 73 257 277 899 844 367 471 827 432 701 163 521 738 624 76 221 212 235 368 323 668 35 561 891 352 394 521 464 332 353 278 634 274 274 435 415 466 562 748 212 531 248 467 601 517 
558 487 349 527 232 475 380 536 59 724 540 583 614 84 250 278 154 623 429 673 243 184 284 529 218 406 292 165 312 633 188 523 203 495 -1 206 282 512 198 442 681 485 217 405 233 221 116 134 562 360 368 338 559 364 491 426 431 255 499 487 198 597 396 284 418 627 411 482 405 568 707 538 376 214 600 780 466 185 464 243 185 483 347 566 466 360 219 489 549 142 674 278 159 279 457 554 523 108 266 292 
371 289 543 324 118 513 207 645 211 686 706 720 461 139 43 411 343 455 226 591 220 153 317 557 320 200 459 359 144 435 144 439 329 297 206 -1 379 598 260 391 638 328 177 574 244 315 254 270 356 457 442 212 478 401 301 225 317 148 674 643 97 535 582 210 534 421 435 588 486 373 502 390 183 197 478 739 266 329 650 117 119 481 362 456 389 264 390 373 421 207 566 232 317 480 321 533 391 172 395 359 
583 651 291 609 298 208 587 266 342 497 355 344 560 343 406 533 376 594 581 503 517 448 106 264 495 544 511 213 523 677 242 381 82 561 282 379 -1 231 119 281 463 465 483 245 155 66 166 409 673 80 89 332 407 121 536 517 363 291 344 283 434 411 296 545 154 722 168 210 122 615 779 489 558 200 497 553 547 111 349 475 435 250 144 451 332 302 152 403 466 175 537 548 142 284 411 330 452 385 60 53 
719 850 392 774 499 140 803 80 571 405 298 204 645 574 618 748 588 693 779 487 748 678 283 161 720 739 712 412 743 815 454 428 309 721 512 598 231 -1 341 347 393 589 714 280 355 296 396 635 846 152 156 495 434 209 689 694 478 483 331 234 662 399 362 775 116 884 201 64 112 760 926 589 768 404 553 450 717 331 376 701 664 234 258 506 404 443 337 494 544 402 553 779 361 430 530 287 544 616 252 239 
490 533 352 503 182 280 468 384 257 529 463 463 494 240 286 472 328 519 463 495 413 341 85 333 417 427 470 208 404 580 124 352 92 456 198 260 119 341 -1 260 487 382 376 341 58 58 97 332 561 197 186 237 385 167 436 406 295 180 443 394 320 411 373 435 273 614 213 328 229 517 677 418 439 88 451 585 439 113 435 360 324 285 150 410 297 224 187 345 409 63 510 441 126 317 336 358 389 286 146 103 
377 564 572 448 273 209 561 424 494 295 601 542 300 453 387 720 585 346 495 235 603 529 188 221 651 454 727 463 518 472 272 99 328 395 442 391 281 347 260 -1 248 247 560 516 210 280 357 573 527 297 247 200 127 173 358 387 139 243 606 526 484 155 575 601 367 553 150 381 276 422 585 242 511 230 220 349 400 358 623 508 500 126 137 172 57 138 423 147 199 301 257 620 380 558 188 146 196 503 341 228 
529 776 737 629 520 279 795 469 736 49 691 591 386 699 630 958 815 444 713 131 851 778 404 235 895 673 957 672 758 609 519 214 533 580 681 638 463 393 487 248 -1 417 808 649 448 490 584 814 709 438 391 436 182 343 539 595 344 490 718 623 732 109 724 848 475 717 295 452 393 578 722 375 742 475 277 101 596 565 754 754 748 213 339 251 252 376 616 308 311 539 219 868 592 745 373 133 333 749 521 421 
130 364 734 213 253 455 412 663 516 465 815 775 132 451 298 735 639 139 308 320 543 481 358 467 647 272 771 580 396 225 302 208 474 162 485 328 465 589 382 247 417 -1 500 710 325 431 455 587 293 509 466 150 235 392 121 187 110 230 809 741 421 309 753 515 588 310 387 615 503 175 338 64 353 301 170 506 180 495 811 422 446 372 343 172 197 162 570 112 116 384 265 545 505 697 59 373 87 494 515 415 
522 340 556 449 289 653 208 746 173 856 757 800 631 141 202 274 276 619 306 767 43 35 452 702 178 303 346 378 153 570 292 615 412 437 217 177 483 714 376 560 808 500 -1 622 383 417 323 174 453 563 561 389 654 538 452 364 494 320 713 705 80 708 606 67 629 523 579 691 602 513 612 563 233 343 655 909 402 398 674 86 59 636 507 633 563 438 436 550 597 312 743 65 374 480 497 696 567 110 478 479 
827 862 124 844 522 369 775 238 451 670 134 208 804 488 610 556 406 839 795 717 643 590 352 415 561 762 496 246 707 919 460 614 252 798 405 574 245 280 341 516 649 710 622 -1 392 285 320 487 902 221 272 574 635 343 776 748 608 522 101 94 599 624 82 690 175 956 377 216 258 856 1019 734 758 430 736 720 781 246 108 644 590 449 381 689 571 547 187 646 708 374 765 680 258 188 656 524 696 511 196 297 
435 500 409 455 146 271 448 407 288 492 509 497 435 257 262 511 374 461 430 445 423 349 72 319 448 391 516 266 389 527 100 298 149 406 233 244 155 355 58 210 448 325 383 392 -1 108 149 366 517 223 199 182 333 157 384 361 236 136 493 438 319 365 429 437 304 567 195 352 244 464 627 360 413 49 394 548 392 171 489 354 327 256 124 353 242 165 245 287 351 91 455 448 185 376 277 323 331 306 195 119 
543 591 304 560 241 256 522 332 281 528 405 406 537 278 343 483 330 566 522 512 452 382 92 311 438 485 470 184 458 635 182 378 47 513 221 315 66 296 58 280 490 431 417 285 108 -1 106 352 619 146 146 290 408 150 491 464 337 237 386 336 368 424 321 479 219 671 200 276 185 572 734 463 495 145 486 584 497 77 381 409 369 279 152 442 325 270 145 384 448 109 537 483 102 279 382 357 431 321 88 73 
551 543 296 544 220 362 455 423 176 624 452 479 575 182 291 379 231 594 477 592 354 288 180 417 331 446 373 125 388 635 159 447 88 503 116 254 166 396 97 357 584 455 323 320 149 106 -1 246 593 244 252 305 482 253 490 444 379 231 420 392 285 509 330 388 305 652 302 368 288 571 724 498 438 155 542 681 481 77 397 329 280 378 245 502 391 306 136 433 496 71 604 387 62 245 415 453 474 220 154 179 
641 507 402 588 338 608 379 651 78 858 619 682 719 135 311 149 103 720 462 801 175 157 418 663 85 450 189 243 317 703 308 649 327 566 134 270 409 635 332 573 814 587 174 487 366 352 246 -1 607 484 497 449 687 497 571 493 549 367 569 577 208 728 456 235 534 676 545 599 531 642 762 645 395 343 718 914 533 303 521 243 183 617 482 687 593 480 315 607 664 275 796 213 273 323 567 688 636 98 383 424 
190 137 890 80 380 723 263 912 562 757 1025 1012 353 491 312 728 694 305 147 604 482 455 577 746 631 157 793 709 301 158 441 501 649 132 562 356 673 846 561 527 709 293 453 902 517 619 593 607 -1 737 703 351 528 638 172 155 388 382 1004 955 398 602 923 428 819 70 648 859 746 143 160 336 221 474 445 795 129 659 989 369 424 651 588 460 485 404 729 405 400 530 534 464 655 832 344 663 376 511 708 633 
634 724 299 670 369 162 664 187 419 465 307 274 591 423 481 601 442 631 653 497 596 528 159 216 569 615 572 269 601 729 317 394 156 619 360 457 80 152 197 297 438 509 563 221 223 146 244 484 737 -1 50 389 413 124 592 581 402 358 309 232 514 404 289 626 82 782 155 131 52 669 835 525 634 271 517 518 609 180 329 555 515 230 167 469 353 349 198 433 493 255 544 628 211 313 452 308 484 464 104 104 
592 698 347 634 345 122 647 209 428 420 354 311 544 423 462 622 465 585 627 446 597 526 129 178 583 588 599 299 587 688 298 344 171 583 368 442 89 156 186 247 391 466 561 272 199 146 252 497 703 50 -1 353 363 75 554 549 357 331 359 280 507 354 339 621 122 746 104 155 44 629 796 478 613 248 467 475 575 200 380 546 510 181 122 419 304 309 233 386 445 249 493 627 231 355 408 259 437 467 135 83 
253 367 588 281 110 376 361 560 374 485 687 663 276 314 196 598 493 290 297 379 433 363 230 405 515 255 628 430 322 345 152 229 330 230 338 212 332 495 237 200 436 150 389 574 182 290 305 449 351 389 353 -1 268 286 203 199 105 83 675 615 309 329 611 419 471 393 298 508 395 282 447 199 310 152 270 536 222 349 671 324 330 315 236 245 184 62 423 162 215 233 355 443 356 548 118 347 187 361 377 287 
351 594 698 448 365 294 620 514 608 231 710 637 226 561 464 836 707 282 533 115 697 626 316 282 762 493 848 591 587 437 379 38 456 398 559 478 407 434 385 127 182 235 654 635 333 408 482 687 528 413 363 268 -1 292 357 414 167 334 721 636 575 73 698 687 477 539 259 479 385 401 551 197 564 345 121 275 413 486 743 592 594 200 263 79 93 215 551 126 135 423 130 710 507 686 191 161 153 610 467 355 
519 641 407 566 294 115 602 275 423 379 430 383 468 406 416 632 481 509 570 383 576 503 86 166 582 530 620 329 544 615 256 271 191 514 364 401 121 209 167 173 343 392 538 343 157 150 253 497 638 124 75 286 292 -1 483 485 282 275 433 355 476 291 406 593 198 678 49 224 111 558 724 403 563 204 393 435 508 222 451 511 483 130 49 345 229 237 273 310 369 229 423 603 251 405 334 210 361 453 181 78 
70 251 783 92 270 560 322 758 509 587 891 865 207 438 260 710 640 176 204 438 491 441 434 579 617 175 760 614 323 145 330 329 528 41 491 301 536 689 436 358 539 121 452 776 384 491 490 571 172 592 554 203 357 483 -1 92 219 260 877 819 379 430 809 452 673 196 487 707 594 80 243 170 264 348 282 626 66 544 872 368 405 484 434 291 314 246 618 233 232 420 375 486 547 736 173 491 206 473 580 491 
159 180 740 101 226 575 231 758 436 645 869 856 295 365 182 628 569 268 121 507 402 355 422 602 533 86 682 564 231 210 288 381 495 73 426 225 517 694 406 387 595 187 364 748 361 464 444 493 155 581 549 199 414 485 92 -1 256 226 849 799 293 485 772 361 663 209 498 704 592 149 281 247 173 318 357 688 40 506 837 279 320 509 436 358 353 256 578 287 303 378 452 395 504 686 222 530 274 394 553 477 
241 435 642 310 212 345 452 552 472 393 709 665 199 416 299 699 585 231 371 275 538 469 256 360 618 330 723 501 420 336 243 130 383 257 431 317 363 478 295 139 344 110 494 608 236 337 379 549 388 402 357 105 167 282 219 256 -1 182 705 634 414 234 656 523 480 414 276 504 393 283 449 126 398 225 169 441 263 407 712 428 436 265 235 140 98 72 480 57 118 310 250 548 421 612 51 275 95 463 417 311 
319 367 523 322 31 381 330 540 291 538 643 633 358 233 147 516 410 369 296 448 363 292 201 419 435 256 545 356 279 405 72 295 270 277 255 148 291 483 180 243 490 230 320 522 136 237 231 367 382 358 331 83 334 275 260 226 182 -1 623 573 242 388 550 358 440 434 301 485 375 340 498 282 288 92 351 591 259 285 614 265 260 338 230 322 243 119 358 240 297 160 432 379 287 477 201 386 269 281 326 254 
927 962 172 946 623 442 873 268 540 734 64 188 899 582 710 620 479 936 896 797 732 682 450 482 637 863 551 335 804 1020 562 703 354 899 499 674 344 331 443 606 718 809 713 101 493 386 420 569 1004 309 359 675 721 433 877 849 705 623 -1 97 695 705 115 781 247 1057 462 267 337 957 1120 830 858 532 827 781 883 347 67 740 684 529 475 779 662 646 285 741 802 475 850 769 357 251 754 599 792 602 297 394 
864 926 214 893 577 351 847 172 536 638 74 114 824 568 675 650 499 864 857 707 729 672 385 388 653 822 591 334 780 958 518 621 314 844 487 643 283 234 394 526 623 741 705 94 438 336 392 577 955 232 280 615 636 355 819 799 634 573 97 -1 676 615 164 772 160 1005 378 171 251 897 1062 758 826 481 745 684 830 315 151 721 669 440 400 698 583 580 268 666 725 436 764 765 333 282 685 508 717 595 249 328 
449 301 548 384 212 590 183 701 174 780 734 764 552 114 123 335 300 542 254 688 123 62 390 637 239 243 395 364 116 503 222 536 370 367 198 97 434 662 320 484 732 421 80 599 319 368 285 208 398 514 507 309 575 476 379 293 414 242 695 676 -1 631 594 119 585 468 514 644 549 443 555 484 189 275 575 833 333 362 662 45 27 567 442 553 485 360 411 470 517 259 663 136 343 476 417 623 487 115 438 423 
424 666 698 521 419 264 687 479 649 159 687 604 292 607 525 875 739 349 604 92 752 679 333 240 806 563 881 609 651 508 425 104 471 471 597 535 411 399 411 155 109 309 708 624 365 424 509 728 602 404 354 329 73 291 430 485 234 388 705 615 631 -1 693 746 457 612 249 450 368 474 622 270 632 385 183 206 486 502 732 651 649 175 273 148 146 272 562 199 207 456 155 767 527 695 263 112 226 657 472 362 
864 872 57 871 546 444 774 320 433 747 173 277 855 480 621 505 365 886 807 786 622 576 400 493 523 777 438 230 706 954 484 675 281 827 396 582 296 362 373 575 724 753 606 82 429 321 330 456 923 289 339 611 698 406 809 772 656 550 115 164 594 693 -1 674 253 981 443 298 331 890 1049 782 764 461 793 798 808 265 68 639 581 520 438 747 628 591 194 699 762 393 829 660 268 136 702 596 747 496 239 349 
521 304 623 435 328 708 167 810 240 897 825 866 643 206 224 314 338 625 282 799 63 100 507 756 221 289 393 446 131 557 342 649 476 432 284 210 545 775 435 601 848 515 67 690 437 479 388 235 428 626 621 419 687 593 452 361 523 358 781 772 119 746 674 -1 693 498 633 754 663 505 588 579 207 394 677 949 396 464 741 95 111 686 560 660 600 474 504 577 619 372 768 36 441 547 520 742 588 178 543 538 
714 804 279 752 450 196 741 118 475 495 234 192 666 488 560 638 479 707 734 550 660 594 241 241 617 696 599 302 677 809 396 461 217 701 418 534 154 116 273 367 475 588 629 175 304 219 305 534 819 82 122 471 477 198 673 663 480 440 247 160 585 457 253 693 -1 864 218 65 91 750 916 601 713 351 586 545 691 233 279 627 584 282 245 538 424 430 226 508 566 328 604 693 261 313 531 353 559 525 152 186 
187 202 949 112 435 756 332 953 629 763 1076 1056 343 558 378 798 762 289 217 603 553 525 623 774 701 225 863 771 371 122 497 516 704 163 627 421 722 884 614 553 717 310 523 956 567 671 652 676 70 782 746 393 539 678 196 209 414 434 1057 1005 468 612 981 498 864 -1 683 901 788 138 90 342 291 526 444 797 174 716 1046 439 494 679 628 465 507 440 787 421 406 587 527 534 713 893 366 683 386 580 760 679 
517 662 449 574 323 79 631 275 470 329 452 392 451 450 446 681 531 496 591 342 619 545 129 123 630 550 670 378 576 613 292 243 240 521 411 435 168 201 213 150 295 387 579 377 195 200 302 545 648 155 104 298 259 49 487 498 276 301 462 378 514 249 443 633 218 683 -1 230 126 558 724 391 589 239 367 385 518 272 485 548 523 81 72 320 208 243 321 296 350 274 389 644 301 451 328 161 346 498 227 128 
743 852 331 789 498 186 796 56 540 467 238 161 681 550 612 704 544 726 781 540 723 656 283 217 682 742 663 367 732 839 448 469 279 738 482 588 210 64 328 381 452 615 691 216 352 276 368 599 859 131 155 508 479 224 707 704 504 485 267 171 644 450 298 754 65 901 230 -1 113 782 948 621 764 400 594 513 730 297 312 686 644 279 273 546 438 461 291 527 580 385 602 755 326 373 556 340 577 588 216 232 
631 742 346 676 390 114 692 166 464 418 325 271 576 463 506 651 493 619 671 460 637 567 173 166 617 632 624 322 630 727 342 369 203 624 405 486 122 112 229 276 393 503 602 258 244 185 288 531 746 52 44 395 385 111 594 592 393 375 337 251 549 368 331 663 91 788 126 113 -1 669 836 513 658 293 494 470 617 229 365 589 552 192 161 446 333 349 251 419 476 290 513 667 260 364 445 266 470 506 156 126 
49 260 864 77 350 628 359 832 583 625 970 940 210 512 330 778 715 162 234 467 549 505 512 642 683 216 832 694 373 64 411 379 609 76 568 373 615 760 517 422 578 175 513 856 464 572 571 642 143 669 629 282 401 558 80 149 283 340 957 897 443 474 890 505 750 138 558 782 669 -1 166 203 304 429 307 659 110 625 952 427 470 547 508 327 373 320 699 285 267 501 393 539 628 816 233 547 248 543 660 569 
208 291 1020 180 503 794 423 998 712 765 1135 1107 336 641 458 886 845 278 306 600 642 613 677 806 790 311 950 845 460 114 565 534 769 221 707 502 779 926 677 585 722 338 612 1019 627 734 724 762 160 835 796 447 551 724 243 281 449 498 1120 1062 555 622 1049 588 916 90 724 948 836 166 -1 355 381 589 444 794 243 783 1112 528 581 711 675 474 534 487 855 444 416 656 518 624 783 967 398 704 402 665 822 734 
154 420 768 257 307 451 475 666 572 422 832 782 77 509 361 793 692 106 368 268 606 543 382 455 707 333 827 622 460 240 351 179 508 212 538 390 489 589 418 242 375 64 563 734 360 463 498 645 336 525 478 199 197 403 170 247 126 282 830 758 484 270 782 579 601 342 391 621 513 203 355 -1 416 343 111 458 234 532 838 486 508 362 357 124 186 194 605 95 64 428 205 609 544 736 83 349 47 553 543 437 
327 112 723 230 268 669 58 820 362 791 890 902 468 296 152 508 489 440 75 666 261 239 485 706 412 89 577 537 80 352 316 529 512 235 376 183 558 768 439 511 742 353 233 758 413 495 438 395 221 634 613 310 564 563 264 173 398 288 858 826 189 632 764 207 713 291 589 764 658 304 381 416 -1 364 524 839 200 513 832 152 212 621 519 518 490 373 573 441 468 390 618 243 500 656 377 658 437 304 578 532 
404 452 436 414 98 317 399 456 264 520 551 543 420 224 213 491 364 440 382 459 384 310 121 362 421 344 505 279 341 493 52 308 180 368 214 197 200 404 88 230 475 301 343 430 49 145 155 343 474 271 248 152 345 204 348 318 225 92 532 481 275 385 461 394 351 526 239 400 293 429 589 343 364 -1 391 576 351 197 523 308 285 293 167 354 251 152 271 280 343 85 460 407 203 396 260 355 320 274 234 168 
257 532 787 366 380 412 582 632 642 321 820 754 109 584 454 868 754 167 479 159 698 632 396 403 786 442 892 660 563 332 412 125 533 323 600 478 497 553 451 220 277 170 655 736 394 486 542 718 445 517 467 270 121 393 282 357 169 351 827 745 575 183 793 677 586 444 367 594 494 307 444 111 524 391 -1 353 346 561 843 582 597 318 355 47 165 240 631 111 57 475 94 705 578 765 157 282 88 631 556 444 
610 869 816 715 621 356 893 520 836 56 748 638 457 800 731 1057 912 515 808 193 953 879 500 305 995 768 1053 764 858 684 621 310 626 668 780 739 553 450 585 349 101 506 909 720 548 584 681 914 795 518 475 536 275 435 626 688 441 591 781 684 833 206 798 949 545 797 385 513 470 659 794 458 839 576 353 -1 686 657 823 855 850 304 436 335 352 477 705 401 394 638 276 970 686 830 466 227 419 850 608 513 
126 186 777 63 261 594 258 783 477 644 901 884 273 406 223 668 609 240 138 500 439 395 450 618 573 111 723 602 265 170 323 383 529 35 466 266 547 717 439 400 596 180 402 781 392 497 481 533 129 609 575 222 413 508 66 40 263 259 883 830 333 486 808 396 691 174 518 730 617 110 243 234 200 351 346 686 -1 542 872 316 360 524 459 352 361 275 614 287 294 414 439 430 541 724 223 539 267 435 586 506 
601 616 239 605 280 319 532 351 242 602 376 402 607 258 364 422 265 632 549 590 427 364 170 375 388 516 401 107 464 689 218 455 31 561 185 329 111 331 113 358 565 495 398 246 171 77 77 303 659 180 200 349 486 222 544 506 407 285 347 315 362 502 265 464 233 716 272 297 229 625 783 532 513 197 561 657 542 -1 330 406 357 353 229 518 401 337 74 456 521 129 614 462 31 205 449 432 502 293 81 144 
925 939 119 935 610 476 843 322 500 774 131 253 909 548 688 563 428 943 875 825 689 644 455 520 585 844 490 298 774 1016 548 722 343 891 464 650 349 376 435 623 754 811 674 108 489 381 397 521 989 329 380 671 743 451 872 837 712 614 67 151 662 732 68 741 279 1046 485 312 365 952 1112 838 832 523 843 823 872 330 -1 707 649 557 488 796 678 648 261 752 814 459 873 727 335 199 759 631 801 564 295 401 
437 263 593 363 235 625 140 742 217 803 779 808 551 159 128 358 339 537 222 703 123 86 426 670 262 217 425 409 74 483 255 553 413 352 243 117 475 701 360 508 754 422 86 644 354 409 329 243 369 555 546 324 592 511 368 279 428 265 740 721 45 651 639 95 627 439 548 686 589 427 528 486 152 308 582 855 316 406 707 -1 61 597 475 565 505 379 456 481 524 300 673 122 387 521 425 650 493 155 481 462 
476 324 534 411 229 598 201 700 155 796 725 760 577 102 149 308 277 568 279 708 103 35 397 646 212 269 369 351 136 530 234 555 368 394 185 119 435 664 324 500 748 446 59 590 327 369 280 183 424 515 510 330 594 483 405 320 436 260 684 669 27 649 581 111 584 494 523 644 552 470 581 508 212 285 597 850 360 357 649 61 -1 578 451 575 504 379 402 492 540 261 685 121 336 461 440 637 510 93 435 427 
503 682 528 574 364 94 667 314 540 249 513 437 412 513 485 756 608 463 612 268 678 603 199 95 701 571 749 460 617 597 344 194 321 521 483 481 250 234 285 126 213 372 636 449 256 279 378 617 651 230 181 315 200 130 484 509 265 338 529 440 567 175 520 686 282 679 81 279 192 547 711 362 621 293 318 304 524 353 557 597 578 -1 135 271 177 253 403 268 312 342 323 700 381 532 314 79 315 563 308 208 
470 594 435 517 251 151 559 324 405 379 475 432 424 380 374 622 476 463 523 362 548 474 64 195 566 482 617 336 504 566 219 237 198 464 347 362 144 258 150 137 339 343 507 381 124 152 245 482 588 167 122 236 263 49 434 436 235 230 475 400 442 273 438 560 245 628 72 273 161 508 675 357 519 167 355 436 459 229 488 475 451 135 -1 308 189 188 289 266 327 207 393 572 254 424 286 208 317 429 204 92 
277 536 741 380 352 365 576 585 610 298 772 707 146 555 436 837 718 202 479 149 677 609 352 358 757 441 858 619 551 360 379 77 489 332 566 456 451 506 410 172 251 172 633 689 353 442 502 687 460 469 419 245 79 345 291 358 140 322 779 698 553 148 747 660 538 465 320 546 446 327 474 124 518 354 47 335 352 518 796 565 575 271 308 -1 118 206 587 83 60 437 110 686 536 722 142 240 84 603 510 398 
327 533 622 405 274 265 543 481 515 301 658 600 242 467 379 742 614 289 467 208 607 535 234 271 669 426 756 504 506 420 286 56 372 353 466 389 332 404 297 57 252 197 563 571 242 325 391 593 485 353 304 184 93 229 314 353 98 243 662 583 485 146 628 600 424 507 208 438 333 373 534 186 490 251 165 352 361 401 678 505 504 177 189 118 -1 125 470 91 142 330 213 621 421 605 141 178 140 517 392 279 
284 428 574 330 150 319 423 512 403 426 654 620 270 350 254 630 513 295 359 329 482 411 195 345 552 317 652 429 382 379 172 176 314 278 360 264 302 443 224 138 376 162 438 547 165 270 306 480 404 349 309 62 215 237 246 256 72 119 646 580 360 272 591 474 430 440 243 461 349 320 487 194 373 152 240 477 275 337 648 379 379 253 188 206 125 -1 411 128 190 237 315 496 350 542 111 285 167 398 353 252 
675 679 165 677 352 355 588 340 268 650 322 368 680 300 428 412 253 706 614 652 460 403 236 411 395 583 375 75 519 763 290 522 98 634 219 390 152 337 187 423 616 570 436 187 245 145 136 315 729 198 233 423 551 273 618 578 480 358 285 268 411 562 194 504 226 787 321 291 251 699 855 605 573 271 631 705 614 74 261 456 402 403 289 587 470 411 -1 528 593 199 680 496 74 135 523 483 575 326 97 199 
238 468 688 325 270 356 497 571 530 357 741 688 158 474 353 757 642 199 406 225 594 525 298 362 676 367 781 553 469 330 300 96 430 274 489 373 403 494 345 147 308 112 550 646 287 384 433 607 405 433 386 162 126 310 233 287 57 240 741 666 470 199 699 577 508 421 296 527 419 285 444 95 441 280 111 401 287 456 752 481 492 268 266 83 91 128 528 -1 64 365 193 603 472 662 65 261 50 521 459 350 
218 480 752 320 325 404 526 622 588 358 799 742 100 530 396 814 703 151 424 205 641 575 362 403 731 387 841 617 505 301 360 121 494 274 549 421 466 544 409 199 311 116 597 708 351 448 496 664 400 493 445 215 135 369 232 303 118 297 802 725 517 207 762 619 566 406 350 580 476 267 416 64 468 343 57 394 294 521 814 524 540 312 327 60 142 190 593 64 -1 428 151 647 536 726 100 291 31 576 523 413 
480 489 363 478 152 343 414 442 198 582 502 513 505 177 238 419 284 523 421 535 349 277 145 395 358 388 426 196 349 566 90 387 122 435 142 207 175 402 63 301 539 384 312 374 91 109 71 275 530 255 249 233 423 229 420 378 310 160 475 436 259 456 393 372 328 587 274 385 290 501 656 428 390 85 475 638 414 129 459 300 261 342 207 437 330 237 199 365 428 -1 542 378 127 316 344 412 405 224 188 166 
344 626 828 457 462 416 676 633 719 255 837 758 184 665 544 946 825 241 573 87 787 719 445 395 867 537 965 718 656 411 488 158 584 415 674 566 537 553 510 257 219 265 743 765 455 537 604 796 534 544 493 355 130 423 375 452 250 432 850 764 663 155 829 768 604 527 389 602 513 393 518 205 618 460 94 276 439 614 873 673 685 323 393 110 213 315 680 193 151 542 -1 795 634 815 248 267 181 713 598 485 
554 339 609 471 348 718 203 811 229 916 815 862 674 205 250 281 316 657 318 823 38 100 517 767 190 324 362 435 167 592 356 672 476 466 278 232 548 779 441 620 868 545 65 680 448 483 387 213 464 628 627 443 710 603 486 395 548 379 769 765 136 767 660 36 693 534 644 755 667 539 624 609 243 407 705 970 430 462 727 122 121 700 572 686 621 496 496 603 647 378 795 -1 437 531 547 758 616 170 542 545 
606 605 236 604 279 349 516 379 214 630 391 425 620 235 354 391 234 643 540 614 402 340 193 406 358 508 370 83 448 692 217 476 60 562 159 317 142 361 126 380 592 505 374 258 185 102 62 273 655 211 231 356 507 251 547 504 421 287 357 333 343 527 268 441 261 713 301 326 260 628 783 544 500 203 578 686 541 31 335 387 336 381 254 536 421 350 74 472 536 127 634 437 -1 192 461 459 516 267 110 172 
796 766 80 787 466 475 660 410 308 776 307 396 812 362 521 371 229 835 706 786 492 451 371 530 387 679 308 122 591 881 405 657 232 748 279 480 284 430 317 558 745 697 480 188 376 279 245 323 832 313 355 548 686 405 736 686 612 477 251 282 476 695 136 547 313 893 451 373 364 816 967 736 656 396 765 830 724 205 199 521 461 532 424 722 605 542 135 662 726 316 815 531 192 -1 653 612 707 371 224 332 
189 403 686 265 228 396 433 603 493 422 759 716 160 432 297 716 611 184 341 289 541 475 304 409 632 302 747 539 408 285 269 160 426 212 457 321 411 530 336 188 373 59 497 656 277 382 415 567 344 452 408 118 191 334 173 222 51 201 754 685 417 263 702 520 531 366 328 556 445 233 398 83 377 260 157 466 223 449 759 425 440 314 286 142 141 111 523 65 100 344 248 547 461 653 -1 318 69 478 464 360 
499 708 607 583 414 156 708 367 611 171 578 492 386 579 532 830 684 441 641 200 738 664 273 127 771 599 826 539 663 589 404 170 400 531 554 533 330 287 358 146 133 373 696 524 323 357 453 688 663 308 259 347 161 210 491 530 275 386 599 508 623 112 596 742 353 683 161 340 266 547 704 349 658 355 282 227 539 432 631 650 637 79 208 240 178 285 483 261 291 412 267 758 459 612 318 -1 302 629 388 287 
199 452 735 296 297 405 495 621 561 380 791 738 107 501 366 785 677 149 395 233 610 544 347 408 702 357 814 596 474 287 334 132 476 248 523 391 452 544 389 196 333 87 567 696 331 431 474 636 376 484 437 187 153 361 206 274 95 269 792 717 487 226 747 588 559 386 346 577 470 248 402 47 437 320 88 419 267 502 801 493 510 315 317 84 140 167 575 50 31 405 181 616 516 707 69 302 -1 547 508 399 
543 417 446 490 251 567 295 643 63 795 646 692 626 50 213 240 184 625 368 725 135 80 369 620 154 354 288 267 230 605 231 572 309 467 108 172 385 616 286 503 749 494 110 511 306 321 220 98 511 464 467 361 610 453 473 394 463 281 602 595 115 657 496 178 525 580 498 588 506 543 665 553 304 274 631 850 435 293 564 155 93 563 429 603 517 398 326 521 576 224 713 170 267 371 478 629 547 -1 373 388 
631 676 231 649 329 257 601 270 323 554 317 326 616 337 426 497 337 648 608 563 508 443 161 314 468 572 467 165 535 723 269 441 67 601 266 395 60 252 146 341 521 515 478 196 195 88 154 383 708 104 135 377 467 181 580 553 417 326 297 249 438 472 239 543 152 760 227 216 156 660 822 543 578 234 556 608 586 81 295 481 435 308 204 510 392 353 97 459 523 188 598 542 110 224 464 388 508 373 -1 112 
536 620 343 567 266 183 565 288 352 457 401 379 507 342 380 556 403 542 549 453 516 444 57 238 510 511 542 251 504 630 216 328 112 517 292 359 53 239 103 228 421 415 479 297 119 73 179 424 633 104 83 287 355 78 491 477 311 254 394 328 423 362 349 538 186 679 128 232 126 569 734 437 532 168 444 513 506 144 401 462 427 208 92 398 279 252 199 350 413 166 485 545 172 332 360 287 399 388 112 -1 
