100
-1 636 422 223 479 528 341 270 152 323 115 193 65 662 242 102 519 117 652 428 280 246 404 405 533 478 99 240 500 73 500 540 668 387 202 315 193 589 448 635 412 630 119 742 122 430 305 588 417 754 38 517 275 793 134 503 318 296 80 444 801 641 82 378 285 370 440 371 739 687 135 665 144 259 493 43 170 122 466 463 556 154 544 400 845 298 62 230 692 175 197 718 383 564 604 105 735 664 527 249 
636 -1 786 428 513 608 969 804 751 393 569 822 624 406 608 681 116 726 113 210 510 410 254 341 724 558 734 804 452 699 315 162 688 302 442 751 829 392 303 480 272 697 517 115 687 484 789 584 584 453 615 129 668 310 538 197 369 341 687 201 233 233 699 799 459 827 452 289 865 68 510 320 571 412 669 592 699 755 208 191 162 697 391 358 347 629 576 409 811 799 573 231 253 814 793 561 174 557 425 884 
422 786 -1 428 321 278 444 214 323 662 348 394 487 561 215 327 692 346 737 603 287 565 542 446 183 281 445 257 864 383 497 631 369 678 521 111 445 923 753 482 515 317 454 854 537 809 150 357 220 632 457 660 157 775 523 754 431 512 357 668 843 654 479 66 655 109 355 642 353 805 407 621 318 412 190 426 257 404 578 600 793 569 467 730 820 169 448 461 321 509 609 736 580 159 220 504 793 458 880 495 
223 428 428 -1 322 400 542 384 323 242 140 397 238 455 215 252 314 299 431 218 155 149 183 190 456 340 323 378 444 276 284 318 537 250 117 356 410 495 325 447 188 512 121 528 313 400 382 438 306 547 216 303 277 570 187 337 99 93 261 258 578 418 301 416 254 432 263 215 655 473 88 447 145 44 402 182 274 334 244 245 384 336 343 304 622 259 176 34 601 398 273 495 179 521 535 193 513 492 456 470 
479 513 321 322 -1 97 682 448 482 546 364 573 523 241 264 436 446 482 441 379 198 463 315 197 212 45 557 474 737 491 199 351 217 518 439 345 611 757 587 175 276 202 425 559 597 708 400 115 104 320 493 403 285 453 501 546 250 356 463 459 527 341 561 363 571 405 70 475 366 516 373 300 336 280 159 452 398 541 322 353 570 626 147 589 498 233 461 349 309 638 592 419 380 304 280 498 484 186 738 673 
528 608 278 400 97 -1 685 445 503 633 416 592 579 295 292 468 543 510 531 476 258 547 411 294 127 61 595 478 828 527 293 446 140 610 518 332 635 853 681 209 373 111 492 648 650 795 388 79 111 357 548 500 292 520 570 643 340 446 498 556 605 424 607 332 654 377 167 568 269 607 438 370 385 361 88 507 419 571 419 450 667 680 228 681 560 246 519 430 213 674 662 497 475 220 186 563 567 181 831 696 
341 969 444 542 682 685 -1 240 221 660 402 148 377 911 424 290 853 243 971 759 519 588 724 691 622 659 255 208 816 272 779 855 803 728 543 355 160 916 787 857 722 753 458 1070 355 739 301 762 585 998 372 845 398 1083 468 845 620 628 281 784 1112 936 306 377 612 336 675 712 794 1015 458 940 407 565 612 383 293 219 783 786 898 372 796 736 1135 449 403 559 765 234 498 1019 716 600 664 439 1049 859 849 141 
270 804 214 384 448 445 240 -1 129 574 254 182 333 684 206 169 694 162 785 598 309 483 550 490 384 422 255 44 764 208 570 670 563 618 435 115 234 844 688 623 538 513 350 894 362 697 64 523 348 768 309 676 164 872 398 719 436 478 190 643 915 731 300 149 547 119 450 591 567 840 322 722 240 392 372 292 114 207 603 614 767 393 572 650 922 216 318 412 533 306 468 815 562 374 433 372 856 621 788 282 
152 751 323 323 482 503 221 129 -1 473 182 90 211 700 218 70 636 35 749 541 303 389 503 470 471 467 126 91 652 82 561 634 635 529 342 212 132 740 595 654 501 589 254 850 233 582 180 576 395 789 191 626 212 864 286 640 398 412 73 572 891 716 171 265 437 244 464 507 668 795 243 722 185 344 445 184 84 81 562 566 691 263 583 550 915 257 209 342 628 186 346 798 500 479 531 258 827 666 680 192 
323 393 662 242 546 633 660 574 473 -1 325 514 282 613 446 409 290 439 458 242 397 96 274 367 698 571 404 553 202 397 439 379 764 91 142 578 502 270 129 634 311 744 223 509 323 161 590 659 546 698 289 317 506 648 191 211 295 190 399 197 611 509 356 641 65 649 479 111 895 459 259 571 349 274 643 288 460 442 321 295 264 324 521 77 697 496 264 208 840 449 189 562 206 763 777 220 543 694 218 545 
115 569 348 140 364 416 402 254 182 325 -1 259 163 550 143 112 454 159 569 359 165 231 321 300 432 364 202 242 522 144 395 454 556 364 183 254 278 594 435 521 321 520 106 668 234 463 265 474 306 642 131 443 191 694 175 466 220 231 124 394 713 543 197 319 309 323 326 337 639 613 68 559 33 164 388 91 140 202 381 384 516 264 433 399 746 200 106 162 590 283 264 623 318 475 507 158 648 549 543 340 
193 822 394 397 573 592 148 182 90 514 259 -1 234 790 309 149 706 100 828 612 393 440 580 556 554 557 115 137 678 124 647 713 722 580 395 286 52 775 641 745 581 675 310 925 226 603 244 666 485 880 225 699 300 950 322 697 479 481 135 635 972 800 169 331 470 301 555 564 745 869 311 810 269 423 531 234 175 72 640 642 750 249 673 591 1002 346 255 412 708 132 361 882 569 553 609 293 907 757 709 104 
65 624 487 238 523 579 377 333 211 282 163 234 -1 690 301 167 508 175 652 422 325 219 408 427 592 526 122 301 446 128 522 544 719 355 182 380 220 541 411 672 422 683 118 735 76 373 370 635 469 783 31 512 337 805 92 476 337 294 143 427 804 653 76 444 236 435 478 346 798 680 157 685 195 279 549 71 235 162 470 463 530 103 575 358 858 357 64 236 750 175 135 728 376 627 664 64 737 706 476 266 
662 406 561 455 241 295 911 684 700 613 550 790 690 -1 487 644 396 692 300 381 397 559 338 266 422 279 752 706 768 691 177 272 312 551 555 585 821 751 602 93 303 339 576 402 766 763 639 232 346 92 665 347 519 227 641 524 357 438 667 456 325 175 744 605 660 646 236 512 498 378 533 92 529 412 382 626 619 747 300 332 525 791 118 629 264 468 626 468 449 833 721 223 409 513 468 648 303 164 756 884 
242 608 215 215 264 292 424 206 218 446 143 309 301 487 -1 176 503 219 581 409 103 350 354 285 291 250 302 221 649 234 364 467 429 465 305 144 347 708 540 436 337 389 244 692 365 595 181 360 181 574 269 479 62 666 317 548 239 304 206 465 709 525 317 201 441 221 250 430 497 639 193 518 110 206 250 231 134 280 402 417 592 397 372 514 716 57 249 248 449 381 408 608 379 332 364 302 650 448 665 409 
102 681 327 252 436 468 290 169 70 409 112 149 167 644 176 -1 566 49 680 470 247 323 434 406 454 426 127 144 595 60 498 566 605 461 274 217 177 679 529 604 432 562 188 780 210 528 203 536 358 734 140 555 190 800 229 570 330 341 31 502 823 650 152 279 379 268 411 439 657 725 172 661 119 275 420 123 69 105 493 497 622 242 526 486 852 225 149 272 613 205 299 732 429 475 520 202 759 622 621 240 
519 116 692 314 446 543 853 694 636 290 454 706 508 396 503 566 -1 610 169 96 409 295 150 255 650 487 617 691 388 582 260 123 641 202 326 648 712 356 225 451 178 641 400 227 571 403 683 532 501 462 498 48 564 367 422 130 264 225 571 93 320 246 582 700 354 725 378 181 809 173 394 325 458 302 593 475 587 639 123 94 130 583 347 269 413 530 460 294 753 683 463 281 136 736 723 445 253 526 369 768 
117 726 346 299 482 510 243 162 35 439 159 100 175 692 219 49 610 -1 728 516 295 357 481 455 486 469 98 126 617 47 547 614 644 497 310 234 129 706 562 651 481 600 223 827 200 547 209 579 400 783 155 602 223 849 251 609 379 385 40 544 872 700 138 291 402 273 459 477 686 772 215 711 168 323 456 151 94 62 541 544 661 231 575 516 901 263 175 316 644 168 310 781 474 500 549 223 808 667 645 192 
652 113 737 431 441 531 971 785 749 458 569 828 652 300 581 680 169 728 -1 231 478 451 248 297 653 487 752 790 549 708 243 115 595 371 474 717 842 499 390 380 249 609 537 118 721 571 761 496 524 341 637 143 636 203 573 288 352 357 692 261 154 125 723 759 520 792 387 347 777 78 519 211 564 405 600 609 687 766 187 189 265 735 304 438 246 592 597 421 724 823 623 120 278 745 717 592 86 457 525 901 
428 210 603 218 379 476 759 598 541 242 359 612 422 381 409 470 96 516 231 -1 317 221 65 182 574 417 527 595 387 489 217 137 586 171 243 554 621 384 223 418 103 580 310 314 489 383 588 477 422 460 410 89 471 408 341 166 171 131 477 81 386 266 495 607 299 631 309 134 745 259 300 329 362 206 516 384 490 546 81 52 194 504 306 248 458 438 370 199 689 596 393 323 46 657 650 361 317 487 378 677 
280 510 287 155 198 258 519 309 303 397 165 393 325 397 103 247 409 295 478 317 -1 304 258 181 301 202 361 321 599 297 262 365 398 398 268 241 424 645 473 358 237 367 234 590 398 556 283 310 154 487 295 381 158 566 311 467 145 229 271 380 606 422 362 291 407 317 164 359 503 538 179 420 138 128 248 254 225 351 302 319 506 428 279 457 617 121 263 189 450 443 404 506 293 366 380 305 547 384 610 487 
246 410 565 149 463 547 588 483 389 96 231 440 219 559 350 323 295 357 451 221 304 -1 229 299 606 485 337 465 299 318 382 355 681 140 48 482 436 363 206 568 258 658 135 523 277 251 496 578 455 647 217 308 409 626 129 258 217 120 316 209 606 478 295 545 107 554 400 127 804 469 164 529 254 185 552 206 369 369 287 269 311 287 457 168 677 400 184 116 750 394 173 543 175 668 684 154 538 622 315 485 
404 254 542 183 315 411 724 550 503 274 321 580 408 338 354 434 150 481 248 65 258 229 -1 117 509 352 504 551 439 459 166 136 524 217 238 498 593 445 279 365 40 517 291 347 480 426 535 415 357 423 391 125 415 400 336 231 114 116 444 144 397 250 477 549 323 575 245 176 681 292 270 300 320 159 451 361 446 517 62 64 259 497 252 294 452 379 351 173 624 577 401 320 72 592 585 352 330 431 433 652 
405 341 446 190 197 294 691 490 470 367 300 556 427 266 285 406 255 455 297 182 181 299 117 -1 394 235 500 500 547 445 95 186 408 326 290 420 579 561 392 269 79 399 311 411 503 526 464 300 246 358 403 217 338 394 375 348 91 180 424 262 425 245 486 463 404 494 127 283 563 361 272 259 287 147 337 366 400 503 134 161 374 526 158 401 446 294 364 202 507 580 455 328 184 480 469 382 365 326 545 641 
533 724 183 456 212 127 622 384 471 698 432 554 592 422 291 454 650 486 653 574 301 606 509 394 -1 166 581 424 899 514 411 562 186 690 569 270 602 937 764 333 473 134 525 771 655 857 322 195 155 479 560 609 263 647 602 739 419 520 485 651 732 550 604 247 708 292 273 649 206 728 471 498 399 425 57 522 392 548 527 555 768 687 354 755 687 234 539 490 159 654 694 624 565 92 79 590 693 292 907 658 
478 558 281 340 45 61 659 422 467 571 364 557 526 279 250 426 487 469 487 417 202 485 352 235 166 -1 550 451 766 483 245 395 197 549 457 314 597 792 620 205 314 173 435 604 598 733 370 110 73 353 495 445 261 496 512 584 278 384 455 496 573 387 558 326 593 369 109 506 329 561 381 343 334 300 113 455 382 530 364 394 610 629 192 619 540 212 465 369 273 630 604 464 414 258 236 507 530 200 769 659 
99 734 445 323 557 595 255 255 126 404 202 115 122 752 302 127 617 98 752 527 361 337 504 500 581 550 -1 214 563 67 595 640 732 476 296 333 98 661 532 720 511 690 217 842 113 488 306 661 483 844 120 617 317 891 213 595 416 396 96 541 901 739 53 390 357 370 525 464 782 786 234 760 224 357 548 143 190 50 566 563 649 140 635 480 943 352 157 330 740 81 246 817 482 598 645 185 835 743 595 150 
240 804 257 378 474 478 208 44 91 553 242 137 301 706 221 144 691 126 790 595 321 465 551 500 424 451 214 -1 739 173 583 675 599 603 417 154 190 823 671 650 542 551 331 897 324 670 107 555 377 792 279 676 189 887 372 708 439 471 159 635 925 743 261 193 522 163 470 578 610 842 308 740 233 391 408 267 104 166 606 615 758 354 592 630 937 241 292 403 575 262 436 827 557 417 475 345 864 651 765 238 
500 452 864 444 737 828 816 764 652 202 522 678 446 768 649 595 388 617 549 387 599 299 439 547 899 766 563 739 -1 572 603 505 954 221 343 777 656 116 165 804 479 938 417 558 461 79 786 846 745 843 462 431 707 752 366 261 488 382 580 312 685 633 510 841 216 846 668 264 1093 520 458 708 549 474 844 471 652 607 467 435 290 448 691 147 795 699 446 410 1037 587 318 667 367 966 978 394 624 870 41 687 
73 699 383 276 491 527 272 208 82 397 144 124 128 691 234 60 582 47 708 489 297 318 459 445 514 483 67 173 572 -1 539 594 664 458 272 272 135 662 521 656 463 622 186 803 156 500 252 593 416 783 110 577 250 838 207 574 363 357 28 511 854 687 95 332 358 317 461 441 716 747 189 703 161 306 480 111 126 58 520 520 626 188 573 474 890 284 134 289 673 147 263 767 446 534 580 178 789 677 600 196 
500 315 497 284 199 293 779 570 561 439 395 647 522 177 364 498 260 547 243 217 262 382 166 95 411 245 595 583 603 539 -1 152 381 383 378 489 673 600 441 201 127 384 406 361 598 592 537 273 281 266 499 213 411 303 467 376 185 261 517 297 349 161 581 524 483 560 144 342 553 317 367 164 379 242 357 462 487 596 142 175 390 621 89 460 355 363 459 294 497 675 545 245 238 503 479 476 296 270 596 735 
540 162 631 318 351 446 855 670 634 379 454 713 544 272 467 566 123 614 115 137 365 355 136 186 562 395 640 675 505 594 152 -1 530 301 371 605 729 479 339 331 133 536 428 225 615 512 648 424 423 340 528 75 523 271 469 253 236 250 578 194 261 131 614 649 436 680 289 268 705 174 406 204 449 290 506 497 572 653 74 85 252 632 233 375 322 480 487 310 650 713 528 187 180 652 631 487 194 407 489 788 
668 688 369 537 217 140 803 563 635 764 556 722 719 312 429 605 641 644 595 586 398 681 524 408 186 197 732 599 954 664 381 530 -1 733 654 447 767 970 801 220 484 52 632 707 790 926 502 109 250 340 688 594 422 535 709 752 468 574 635 668 638 475 746 432 788 477 285 691 185 674 578 403 525 496 191 648 551 706 520 553 770 821 297 806 565 380 660 565 138 810 802 535 592 251 187 703 613 150 954 826 
387 302 678 250 518 610 728 618 529 91 364 580 355 551 465 461 202 497 371 171 398 140 217 326 690 549 476 603 221 458 383 301 733 -1 187 605 574 247 75 583 257 720 274 418 405 212 625 626 535 631 356 233 527 566 263 123 272 170 456 110 522 432 431 666 157 679 448 42 878 368 295 500 382 269 633 347 503 509 252 222 177 409 470 77 613 509 325 217 822 528 277 479 145 763 769 291 455 649 220 622 
202 442 521 117 439 518 543 435 342 142 183 395 182 555 305 274 326 310 474 243 268 48 238 290 569 457 296 417 343 272 378 371 654 187 -1 435 393 411 254 556 261 629 87 553 247 290 448 555 421 645 175 332 364 639 98 301 202 123 269 245 628 489 257 498 139 506 379 168 771 498 116 533 207 159 517 160 320 324 299 287 354 261 447 215 691 357 140 91 717 357 166 558 196 629 648 119 560 606 361 445 
315 751 111 356 345 332 355 115 212 578 254 286 380 585 144 217 648 234 717 554 241 482 498 420 270 314 333 154 777 272 489 605 447 605 435 -1 336 844 679 519 479 398 361 831 427 717 56 411 242 666 351 622 83 784 424 692 383 448 247 610 838 650 368 64 563 77 357 572 458 779 318 632 228 351 257 323 147 293 544 560 737 459 478 649 832 126 346 389 422 398 507 734 524 268 322 403 782 510 796 390 
193 829 445 410 611 635 160 234 132 502 278 52 220 821 347 177 712 129 842 621 424 436 593 579 602 597 98 190 656 135 673 729 767 574 393 336 -1 756 631 780 598 721 312 935 196 579 296 707 527 912 218 709 344 973 312 694 499 489 155 637 989 822 147 383 453 353 588 562 795 880 322 837 293 441 577 237 216 76 655 654 747 215 703 578 1025 388 254 422 757 85 338 902 576 604 659 283 923 796 689 62 
589 392 923 495 757 853 916 844 740 270 594 775 541 751 708 679 356 706 499 384 645 363 445 561 937 792 661 823 116 662 600 479 970 247 411 844 756 -1 173 800 485 960 493 487 564 192 860 861 782 819 552 404 770 702 455 227 518 417 667 303 621 600 609 907 305 917 687 287 1121 457 527 682 617 516 880 556 730 703 459 425 235 555 689 195 740 754 531 461 1065 692 420 620 377 1010 1015 483 566 871 75 792 
448 303 753 325 587 681 787 688 595 129 435 641 411 602 540 529 225 562 390 223 473 206 279 392 764 620 532 671 165 521 441 339 801 75 254 679 631 173 -1 642 320 790 341 416 452 181 698 693 609 678 415 266 602 592 319 106 345 244 521 147 534 468 485 740 187 753 517 114 949 372 366 543 454 344 707 410 574 569 303 270 151 451 529 61 636 584 387 291 893 578 314 506 208 837 842 348 470 710 154 674 
635 480 482 447 175 209 857 623 654 634 521 745 672 93 436 604 451 651 380 418 358 568 365 269 333 205 720 650 804 656 201 331 220 583 556 519 780 800 642 -1 326 246 563 488 748 791 574 140 276 149 644 403 460 320 634 574 354 449 629 498 418 257 718 531 674 574 195 542 405 459 515 182 496 402 297 603 571 709 341 375 582 775 113 660 355 408 608 466 356 802 719 314 438 423 375 637 393 77 797 843 
412 272 515 188 276 373 722 538 501 311 321 581 422 303 337 432 178 481 249 103 237 258 40 79 473 314 511 542 479 463 127 133 484 257 261 479 598 485 320 326 -1 477 304 355 496 465 519 375 323 389 403 144 396 383 356 269 102 139 445 184 391 230 488 527 357 555 206 216 642 302 277 271 315 157 416 370 438 521 65 84 295 516 212 334 435 357 362 186 586 587 427 306 112 558 548 369 326 391 474 658 
630 697 317 512 202 111 753 513 589 744 520 675 683 339 389 562 641 600 609 580 367 658 517 399 134 173 690 551 938 622 384 536 52 720 629 398 721 960 790 246 477 -1 601 723 752 906 452 113 214 377 652 596 377 565 679 747 450 556 593 661 663 493 706 381 765 426 273 677 168 688 546 426 488 473 144 612 506 662 518 550 768 783 306 791 598 337 625 542 114 767 771 558 582 201 139 671 634 184 940 779 
119 517 454 121 425 492 458 350 254 223 106 310 118 576 244 188 400 223 537 310 234 135 291 311 525 435 217 331 417 186 406 428 632 274 87 361 312 493 341 563 304 601 -1 624 192 356 368 540 387 668 100 400 297 687 77 387 220 179 182 325 688 535 186 425 202 429 374 254 731 569 54 568 136 164 477 76 237 241 354 348 439 215 462 299 740 299 60 118 679 286 170 610 265 575 602 74 621 603 439 367 
742 115 854 528 559 648 1070 894 850 509 668 925 735 402 692 780 227 827 118 314 590 523 347 411 771 604 842 897 558 803 361 225 707 418 553 831 935 487 416 488 355 723 624 -1 799 595 873 610 642 426 724 225 749 245 650 310 457 446 789 316 139 231 809 875 574 906 505 405 890 55 613 309 667 507 718 699 793 860 291 283 269 810 420 472 268 706 684 513 838 909 689 187 359 863 834 672 106 564 528 992 
122 687 537 313 597 650 355 362 233 323 234 226 76 766 365 210 571 200 721 489 398 277 480 503 655 598 113 324 461 156 598 615 790 405 247 427 196 564 452 748 496 752 192 799 -1 384 408 708 539 859 104 579 395 879 149 528 413 364 180 486 874 727 62 488 267 473 554 402 860 745 233 760 265 355 615 144 280 163 542 532 582 32 651 395 931 420 140 309 814 127 144 800 443 684 725 128 806 781 495 227 
430 484 809 400 708 795 739 697 582 161 463 603 373 763 595 528 403 547 571 383 556 251 426 526 857 733 488 670 79 500 592 512 926 212 290 717 579 192 181 791 465 906 356 595 384 -1 723 821 706 844 391 441 652 771 298 287 457 351 510 318 715 642 435 782 154 784 641 251 1056 553 402 712 491 435 803 404 588 533 465 435 326 370 677 136 816 648 379 368 1001 509 242 685 355 919 936 325 651 853 118 609 
305 789 150 382 400 388 301 64 180 590 265 244 370 639 181 203 683 209 761 588 283 496 535 464 322 370 306 107 786 252 537 648 502 625 448 56 296 860 698 574 519 452 368 873 408 723 -1 467 297 721 343 660 126 835 425 719 420 475 230 640 886 699 347 86 570 65 409 595 503 821 332 684 243 382 312 320 136 262 584 598 766 440 531 664 884 175 345 412 469 364 502 783 556 310 369 401 829 566 808 345 
588 584 357 438 115 79 762 523 576 659 474 666 635 232 360 536 532 579 496 477 310 578 415 300 195 110 661 555 846 593 273 424 109 626 555 411 707 861 693 140 375 113 540 610 708 821 467 -1 180 284 605 486 367 459 616 643 363 469 565 559 553 380 669 412 686 456 179 583 281 574 487 316 444 396 166 564 491 641 411 444 661 738 193 699 496 319 574 465 228 741 708 447 484 283 235 613 522 101 846 768 
417 584 220 306 104 111 585 348 395 546 306 485 469 346 181 358 501 400 524 422 154 455 357 246 155 73 483 377 745 416 281 423 250 535 421 242 527 782 609 276 323 214 387 642 539 706 297 180 -1 424 438 463 188 555 465 585 264 365 387 497 623 435 495 258 560 300 137 494 349 595 333 402 274 272 98 398 310 461 380 407 616 570 247 600 601 139 411 338 295 563 558 516 411 235 233 456 575 273 753 588 
754 453 632 547 320 357 998 768 789 698 642 880 783 92 574 734 462 783 341 460 487 647 423 358 479 353 844 792 843 783 266 340 340 631 645 666 912 819 678 149 389 377 668 426 859 844 721 284 424 -1 757 415 603 206 733 593 449 527 758 531 322 221 837 680 746 723 324 593 520 412 626 137 621 504 446 718 708 838 379 409 587 883 209 708 228 552 719 559 478 926 811 238 492 566 514 740 320 192 829 975 
38 615 457 216 493 548 372 309 191 289 131 225 31 665 269 140 498 155 637 410 295 217 391 403 560 495 120 279 462 110 499 528 688 356 175 351 218 552 415 644 403 652 100 724 104 391 343 605 438 757 -1 500 306 786 98 475 314 280 119 420 789 634 85 415 248 408 450 343 766 669 131 662 163 256 517 41 207 153 454 448 529 133 549 365 838 325 40 217 718 185 159 709 364 595 632 69 721 677 490 270 
517 129 660 303 403 500 845 676 626 317 443 699 512 347 479 555 48 602 143 89 381 308 125 217 609 445 617 676 431 577 213 75 594 233 332 622 709 404 266 403 144 596 400 225 579 441 660 486 463 415 500 -1 539 332 431 177 240 220 564 123 298 202 585 671 378 699 336 205 764 170 388 279 444 284 552 473 571 635 83 61 179 593 299 305 380 501 460 287 708 686 480 246 136 697 682 451 230 477 414 766 
275 668 157 277 285 292 398 164 212 506 191 300 337 519 62 190 564 223 636 471 158 409 415 338 263 261 317 189 707 250 411 523 422 527 364 83 344 770 602 460 396 377 297 749 395 652 126 367 188 603 306 539 -1 710 366 611 300 367 222 528 759 573 341 139 497 160 286 493 466 696 249 559 161 269 233 272 130 286 461 477 655 427 408 575 759 51 293 310 422 392 454 656 442 289 330 348 702 462 724 404 
793 310 775 570 453 520 1083 872 864 648 694 950 805 227 666 800 367 849 203 408 566 626 400 394 647 496 891 887 752 838 303 271 535 566 639 784 973 702 592 320 383 565 687 245 879 771 835 459 555 206 786 332 710 -1 737 491 475 516 817 456 119 152 871 812 708 851 427 537 719 251 658 153 681 533 604 752 790 896 340 357 468 898 308 636 52 660 745 569 673 968 799 86 452 739 695 752 141 384 729 1034 
134 538 523 187 501 570 468 398 286 191 175 322 92 641 317 229 422 251 573 341 311 129 336 375 602 512 213 372 366 207 467 469 709 263 98 424 312 455 319 634 356 679 77 650 149 298 425 616 465 733 98 431 366 737 -1 385 284 220 213 338 727 585 168 489 151 488 447 255 808 596 132 625 207 232 554 105 289 250 397 385 439 162 530 268 788 374 80 173 757 265 92 656 295 649 678 29 659 677 393 358 
503 197 754 337 546 643 845 719 640 211 466 697 476 524 548 570 130 609 288 166 467 258 231 348 739 584 595 708 261 574 376 253 752 123 301 692 694 227 106 574 269 747 387 310 528 287 719 643 585 593 475 177 611 491 385 -1 325 244 569 88 428 376 552 750 276 769 476 132 912 265 399 456 479 342 681 462 606 626 234 200 54 532 465 163 534 585 441 307 856 650 399 406 175 819 815 412 365 646 239 743 
318 369 431 99 250 340 620 436 398 295 220 479 337 357 239 330 264 379 352 171 145 217 114 91 419 278 416 439 488 363 185 236 468 272 202 383 499 518 345 354 102 450 220 457 413 457 420 363 264 449 314 240 300 475 284 325 -1 106 345 237 492 323 398 435 324 460 183 230 606 403 183 348 212 58 362 278 335 422 166 178 362 436 246 341 527 266 274 112 550 493 366 403 150 496 497 291 429 405 491 560 
296 341 512 93 356 446 628 478 412 190 231 481 294 438 304 341 225 385 357 131 229 120 116 180 520 384 396 471 382 357 261 250 574 170 123 448 489 417 244 449 139 556 179 446 364 351 475 469 365 527 280 220 367 516 220 244 106 -1 346 165 510 366 365 506 224 524 289 130 711 390 169 411 238 100 464 253 367 415 177 168 290 381 337 235 568 343 240 69 655 466 287 436 88 593 599 236 442 506 387 546 
80 687 357 261 463 498 281 190 73 399 124 135 143 667 206 31 571 40 692 477 271 316 444 424 485 455 96 159 580 28 517 578 635 456 269 247 155 667 521 629 445 593 182 789 180 510 230 565 387 758 119 564 222 817 213 569 345 346 -1 503 837 667 121 307 364 295 436 436 688 734 176 681 138 288 451 111 99 80 504 506 621 212 549 476 869 256 135 277 645 175 277 748 434 507 552 185 772 650 607 218 
444 201 668 258 459 556 784 643 572 197 394 635 427 456 465 502 93 544 261 81 380 209 144 262 651 496 541 635 312 511 297 194 668 110 245 610 637 303 147 498 184 661 325 316 486 318 640 559 497 531 420 123 528 456 338 88 237 165 503 -1 413 324 502 666 261 687 389 88 825 264 329 396 403 259 593 401 531 566 157 124 126 495 386 182 503 500 383 232 769 602 372 369 87 731 727 362 346 568 300 690 
801 233 843 578 527 605 1112 915 891 611 713 972 804 325 709 823 320 872 154 386 606 606 397 425 732 573 901 925 685 854 349 261 638 522 628 838 989 621 534 418 391 663 688 139 874 715 886 553 623 322 789 298 759 119 727 428 492 510 837 413 -1 188 875 873 674 909 488 500 823 165 667 237 705 548 685 758 824 913 335 341 395 889 380 585 131 712 748 571 774 974 778 108 432 825 787 746 68 488 658 1049 
641 233 654 418 341 424 936 731 716 509 543 800 653 175 525 650 246 700 125 266 422 478 250 245 550 387 739 743 633 687 161 131 475 432 489 650 822 600 468 257 230 493 535 231 727 642 699 380 435 221 634 202 573 152 585 376 323 366 667 324 188 -1 719 685 565 721 299 398 659 202 506 86 531 382 500 600 645 745 191 213 366 746 196 506 204 525 593 417 607 816 651 83 306 642 609 600 143 334 615 883 
82 699 479 301 561 607 306 300 171 356 197 169 76 744 317 152 582 138 723 495 362 295 477 486 604 558 53 261 510 95 581 614 746 431 257 368 147 609 485 718 488 706 186 809 62 435 347 669 495 837 85 585 341 871 168 552 398 365 121 502 875 719 -1 428 306 412 523 422 808 754 214 745 225 339 567 119 221 102 540 534 606 93 627 431 923 371 126 303 763 100 192 795 449 628 672 140 807 747 542 190 
378 799 66 416 363 332 377 149 265 641 319 331 444 605 201 279 700 291 759 607 291 545 549 463 247 326 390 193 841 332 524 649 432 666 498 64 383 907 740 531 527 381 425 875 488 782 86 412 258 680 415 671 139 812 489 750 435 506 307 666 873 685 428 -1 628 44 386 632 419 824 382 659 291 408 248 387 209 347 591 610 793 520 504 712 859 170 411 449 388 450 571 767 580 225 287 467 820 513 860 431 
285 459 655 254 571 654 612 547 437 65 309 470 236 660 441 379 354 402 520 299 407 107 323 404 708 593 357 522 216 358 483 436 788 157 139 563 453 305 187 674 357 765 202 574 267 154 570 686 560 746 248 378 497 708 151 276 324 224 364 261 674 565 306 628 -1 631 507 173 909 524 248 623 337 292 655 255 436 398 374 351 329 264 561 128 757 494 230 223 856 394 127 622 259 767 787 179 606 729 242 492 
370 827 109 432 405 377 336 119 244 649 323 301 435 646 221 268 725 273 792 631 317 554 575 494 292 369 370 163 846 317 560 680 477 679 506 77 353 917 753 574 555 426 429 906 473 784 65 456 300 723 408 699 160 851 488 769 460 524 295 687 909 721 412 44 631 -1 424 647 457 854 389 698 299 428 293 384 200 324 620 637 813 505 544 721 898 199 408 464 429 425 566 804 601 264 328 464 855 558 867 398 
440 452 355 263 70 167 675 450 464 479 326 555 478 236 250 411 378 459 387 309 164 400 245 127 273 109 525 470 668 461 144 289 285 448 379 357 588 687 517 195 206 273 374 505 554 641 409 179 137 324 450 336 286 427 447 476 183 289 436 389 488 299 523 386 507 424 -1 405 436 459 324 274 301 219 216 409 383 515 254 284 501 582 122 521 475 235 415 287 379 607 536 381 309 362 345 448 438 229 668 651 
371 289 642 215 475 568 712 591 507 111 337 564 346 512 430 439 181 477 347 134 359 127 176 283 649 506 464 578 264 441 342 268 691 42 168 572 562 287 114 542 216 677 254 405 402 251 595 583 494 593 343 205 493 537 255 132 230 130 436 88 500 398 422 632 173 647 405 -1 836 353 269 463 352 230 592 329 477 493 214 186 185 409 428 118 585 472 309 183 780 521 284 451 104 723 728 281 433 606 263 612 
739 865 353 655 366 269 794 567 668 895 639 745 798 498 497 657 809 686 777 745 503 804 681 563 206 329 782 610 1093 716 553 705 185 878 771 458 795 1121 949 405 642 168 731 890 860 1056 503 281 349 520 766 764 466 719 808 912 606 711 688 825 823 659 808 419 909 457 436 836 -1 856 676 588 605 621 254 729 592 747 686 717 935 893 475 946 748 441 746 688 56 853 900 720 744 193 136 796 798 335 1098 847 
687 68 805 473 516 607 1015 840 795 459 613 869 680 378 639 725 173 772 78 259 538 469 292 361 728 561 786 842 520 747 317 174 674 368 498 779 880 457 372 459 302 688 569 55 745 553 821 574 595 412 669 170 696 251 596 265 403 390 734 264 165 202 754 824 524 854 459 353 856 -1 558 287 612 452 674 643 738 805 237 228 230 756 382 426 284 655 629 457 802 854 636 179 304 820 794 618 110 536 492 936 
135 510 407 88 373 438 458 322 243 259 68 311 157 533 193 172 394 215 519 300 179 164 270 272 471 381 234 308 458 189 367 406 578 295 116 318 322 527 366 515 277 546 54 613 233 402 332 487 333 626 131 388 249 658 132 399 183 169 176 329 667 506 214 382 248 389 324 269 676 558 -1 531 90 125 422 94 208 247 332 331 450 259 418 332 710 248 92 100 625 310 224 583 258 523 548 125 601 553 477 381 
665 320 621 447 300 370 940 722 722 571 559 810 685 92 518 661 325 711 211 329 420 529 300 259 498 343 760 740 708 703 164 204 403 500 533 632 837 682 543 182 271 426 568 309 760 712 684 316 402 137 662 279 559 153 625 456 348 411 681 396 237 86 745 659 623 698 274 463 588 287 531 -1 543 406 453 626 646 761 249 277 450 782 154 576 200 509 622 453 538 839 698 132 365 591 550 637 211 256 693 899 
144 571 318 145 336 385 407 240 185 349 33 269 195 529 110 119 458 168 564 362 138 254 320 287 399 334 224 233 549 161 379 449 525 382 207 228 293 617 454 496 315 488 136 667 265 491 243 444 274 621 163 444 161 681 207 479 212 238 138 403 705 531 225 291 337 299 301 352 605 612 90 543 -1 160 354 124 128 218 377 383 527 295 411 422 733 167 140 172 556 305 297 613 324 442 473 191 642 522 568 356 
259 412 412 44 280 361 565 392 344 274 164 423 279 412 206 275 302 323 405 206 128 185 159 147 425 300 357 391 474 306 242 290 496 269 159 351 441 516 344 402 157 473 164 507 355 435 382 396 272 504 256 284 269 533 232 342 58 100 288 259 548 382 339 408 292 428 219 230 621 452 125 406 160 -1 370 219 286 365 217 223 385 379 298 330 586 243 216 69 566 435 318 460 173 494 504 237 484 448 482 502 
493 669 190 402 159 88 612 372 445 643 388 531 549 382 250 420 593 456 600 516 248 552 451 337 57 113 548 408 844 480 357 506 191 633 517 257 577 880 707 297 416 144 477 718 615 803 312 166 98 446 517 552 233 604 554 681 362 464 451 593 685 500 567 248 655 293 216 592 254 674 422 453 354 370 -1 479 363 519 470 498 711 647 304 699 646 196 494 435 202 624 646 576 508 145 135 543 643 268 851 635 
43 592 426 182 452 507 383 292 184 288 91 234 71 626 231 123 475 151 609 384 254 206 361 366 522 455 143 267 471 111 462 497 648 347 160 323 237 556 410 603 370 612 76 699 144 404 320 564 398 718 41 473 272 752 105 462 278 253 111 401 758 600 119 387 255 384 409 329 729 643 94 626 124 219 479 -1 184 164 423 420 515 174 509 365 804 288 25 187 680 216 183 676 339 560 595 80 692 636 497 292 
170 699 257 274 398 419 293 114 84 460 140 175 235 619 134 69 587 94 687 490 225 369 446 400 392 382 190 104 652 126 487 572 551 503 320 147 216 730 574 571 438 506 237 793 280 588 136 491 310 708 207 571 130 790 289 606 335 367 99 531 824 645 221 209 436 200 383 477 592 738 208 646 128 286 363 184 -1 156 502 510 655 312 503 536 842 172 209 299 550 262 365 728 453 408 455 265 762 581 676 277 
122 755 404 334 541 571 219 207 81 442 202 72 162 747 280 105 639 62 766 546 351 369 517 503 548 530 50 166 607 58 596 653 706 509 324 293 76 703 569 709 521 662 241 860 163 533 262 641 461 838 153 635 286 896 250 626 422 415 80 566 913 745 102 347 398 324 515 493 747 805 247 761 218 365 519 164 156 -1 579 579 679 190 629 518 948 325 184 347 706 106 292 825 502 560 610 221 847 727 638 138 
466 208 578 244 322 419 783 603 562 321 381 640 470 300 402 493 123 541 187 81 302 287 62 134 527 364 566 606 467 520 142 74 520 252 299 544 655 459 303 341 65 518 354 291 542 465 584 411 380 379 454 83 461 340 397 234 166 177 504 157 335 191 540 591 374 620 254 214 686 237 332 249 377 217 470 423 502 579 -1 33 250 559 231 329 391 421 413 236 630 639 459 258 115 614 600 414 268 412 457 714 
463 191 600 245 353 450 786 614 566 295 384 642 463 332 417 497 94 544 189 52 319 269 64 161 555 394 563 615 435 520 175 85 553 222 287 560 654 425 270 375 84 550 348 283 532 435 598 444 407 409 448 61 477 357 385 200 178 168 506 124 341 213 534 610 351 637 284 186 717 228 331 277 383 223 498 420 510 579 33 -1 217 548 264 299 408 440 408 232 661 634 442 273 94 641 629 404 273 446 424 712 
556 162 793 384 570 667 898 767 691 264 516 750 530 525 592 622 130 661 265 194 506 311 259 374 768 610 649 758 290 626 390 252 770 177 354 737 747 235 151 582 295 768 439 269 582 326 766 661 616 587 529 179 655 468 439 54 362 290 621 126 395 366 606 793 329 813 501 185 935 230 450 450 527 385 711 515 655 679 250 217 -1 586 477 211 508 626 494 355 879 704 453 385 213 851 844 466 336 657 263 797 
154 697 569 336 626 680 372 393 263 324 264 249 103 791 397 242 583 231 735 504 428 287 497 526 687 629 140 354 448 188 621 632 821 409 261 459 215 555 451 775 516 783 215 810 32 370 440 738 570 883 133 593 427 898 162 532 436 381 212 495 889 746 93 520 264 505 582 409 893 756 259 782 295 379 647 174 312 190 559 548 586 -1 676 393 950 452 166 329 846 139 137 818 457 716 757 146 821 810 484 238 
544 391 467 343 147 228 796 572 583 521 433 673 575 118 372 526 347 575 304 306 279 457 252 158 354 192 635 592 691 573 89 233 297 470 447 478 703 689 529 113 212 306 462 420 651 677 531 193 247 209 549 299 408 308 530 465 246 337 549 386 380 196 627 504 561 544 122 428 475 382 418 154 411 298 304 509 503 629 231 264 477 676 -1 546 354 357 511 358 420 716 613 272 324 446 414 535 339 181 684 766 
400 358 730 304 589 681 736 650 550 77 399 591 358 629 514 486 269 516 438 248 457 168 294 401 755 619 480 630 147 474 460 375 806 77 215 649 578 195 61 660 334 791 299 472 395 136 664 699 600 708 365 305 575 636 268 163 341 235 476 182 585 506 431 712 128 721 521 118 946 426 332 576 422 330 699 365 536 518 329 299 211 393 546 -1 683 562 341 269 891 522 255 550 222 824 834 297 520 725 152 619 
845 347 820 622 498 560 1135 922 915 697 746 1002 858 264 716 852 413 901 246 458 617 677 452 446 687 540 943 937 795 890 355 322 565 613 691 832 1025 740 636 355 435 598 740 268 931 816 884 496 601 228 838 380 759 52 788 534 527 568 869 503 131 204 923 859 757 898 475 585 748 284 710 200 733 586 646 804 842 948 391 408 508 950 354 683 -1 709 798 622 703 1021 850 134 502 778 731 804 173 415 770 1086 
298 629 169 259 233 246 449 216 257 496 200 346 357 468 57 225 530 263 592 438 121 400 379 294 234 212 352 241 699 284 363 480 380 509 357 126 388 754 584 408 357 337 299 706 420 648 175 319 139 552 325 501 51 660 374 585 266 343 256 500 712 525 371 170 494 199 235 472 441 655 248 509 167 243 196 288 172 325 421 440 626 452 357 562 709 -1 306 293 393 430 464 608 413 275 307 359 656 412 713 449 
62 576 448 176 461 519 403 318 209 264 106 255 64 626 249 149 460 175 597 370 263 184 351 364 539 465 157 292 446 134 459 487 660 325 140 346 254 531 387 608 362 625 60 684 140 379 345 574 411 719 40 460 293 745 80 441 274 240 135 383 748 593 126 411 230 408 415 309 746 629 92 622 140 216 494 25 209 184 413 408 494 166 511 341 798 306 -1 177 696 226 161 668 325 580 613 56 681 643 472 307 
230 409 461 34 349 430 559 412 342 208 162 412 236 468 248 272 294 316 421 199 189 116 173 202 490 369 330 403 410 289 294 310 565 217 91 389 422 461 291 466 186 542 118 513 309 368 412 465 338 559 217 287 310 569 173 307 112 69 277 232 571 417 303 449 223 464 287 183 688 457 100 453 172 69 435 187 299 347 236 232 355 329 358 269 622 293 177 -1 633 403 254 492 157 555 569 183 504 514 422 480 
692 811 321 601 309 213 765 533 628 840 590 708 750 449 449 613 753 644 724 689 450 750 624 507 159 273 740 575 1037 673 497 650 138 822 717 422 757 1065 893 356 586 114 679 838 814 1001 469 228 295 478 718 708 422 673 757 856 550 655 645 769 774 607 763 388 856 429 379 780 56 802 625 538 556 566 202 680 550 706 630 661 879 846 420 891 703 393 696 633 -1 813 849 670 688 167 101 746 747 288 1042 812 
175 799 509 398 638 674 234 306 186 449 283 132 175 833 381 205 683 168 823 596 443 394 577 580 654 630 81 262 587 147 675 713 810 528 357 398 85 692 578 802 587 767 286 909 127 509 364 741 563 926 185 686 392 968 265 650 493 466 175 602 974 816 100 450 394 425 607 521 853 854 310 839 305 435 624 216 262 106 639 634 704 139 716 522 1021 430 226 403 813 -1 271 893 550 666 717 239 907 824 622 100 
197 573 609 273 592 662 498 468 346 189 264 361 135 721 408 299 463 310 623 393 404 173 401 455 694 604 246 436 318 263 545 528 802 277 166 507 338 420 314 719 427 771 170 689 144 242 502 708 558 811 159 480 454 799 92 399 366 287 277 372 778 651 192 571 127 566 536 284 900 636 224 698 297 318 646 183 365 292 459 442 453 137 613 255 850 464 161 254 849 271 -1 716 348 740 770 106 710 766 351 371 
718 231 736 495 419 497 1019 815 798 562 623 882 728 223 608 732 281 781 120 323 506 543 320 328 624 464 817 827 667 767 245 187 535 479 558 734 902 620 506 314 306 558 610 187 800 685 783 447 516 238 709 246 656 86 656 406 403 436 748 369 108 83 795 767 622 804 381 451 720 179 583 132 613 460 576 676 728 825 258 273 385 818 272 550 134 608 668 492 670 893 716 -1 367 717 680 672 82 387 644 963 
383 253 580 179 380 475 716 562 500 206 318 569 376 409 379 429 136 474 278 46 293 175 72 184 565 414 482 557 367 446 238 180 592 145 196 524 576 377 208 438 112 582 265 359 443 355 556 484 411 492 364 136 442 452 295 175 150 88 434 87 432 306 449 580 259 601 309 104 744 304 258 365 324 173 508 339 453 502 115 94 213 457 324 222 502 413 325 157 688 550 348 367 -1 644 643 315 364 503 362 632 
564 814 159 521 304 220 600 374 479 763 475 553 627 513 332 475 736 500 745 657 366 668 592 480 92 258 598 417 966 534 503 652 251 763 629 268 604 1010 837 423 558 201 575 863 684 919 310 283 235 566 595 697 289 739 649 819 496 593 507 731 825 642 628 225 767 264 362 723 193 820 523 591 442 494 145 560 408 560 614 641 851 716 446 824 778 275 580 555 167 666 740 717 644 -1 69 634 786 376 977 655 
604 793 220 535 280 186 664 433 531 777 507 609 664 468 364 520 723 549 717 650 380 684 585 469 79 236 645 475 978 580 479 631 187 769 648 322 659 1015 842 375 548 139 602 834 725 936 369 235 233 514 632 682 330 695 678 815 497 599 552 727 787 609 672 287 787 328 345 728 136 794 548 550 473 504 135 595 455 610 600 629 844 757 414 834 731 307 613 569 101 717 770 680 643 69 -1 665 752 321 986 712 
105 561 504 193 498 563 439 372 258 220 158 293 64 648 302 202 445 223 592 361 305 154 352 382 590 507 185 345 394 178 476 487 703 291 119 403 283 483 348 637 369 671 74 672 128 325 401 613 456 740 69 451 348 752 29 412 291 236 185 362 746 600 140 467 179 464 448 281 796 618 125 637 191 237 543 80 265 221 414 404 466 146 535 297 804 359 56 183 746 239 106 672 315 634 665 -1 678 677 422 330 
735 174 793 513 484 567 1049 856 827 543 648 907 737 303 650 759 253 808 86 317 547 538 330 365 693 530 835 864 624 789 296 194 613 455 560 782 923 566 470 393 326 634 621 106 806 651 829 522 575 320 721 230 702 141 659 365 429 442 772 346 68 143 807 820 606 855 438 433 798 110 601 211 642 484 643 692 762 847 268 273 336 821 339 520 173 656 681 504 747 907 710 82 364 786 752 678 -1 467 599 983 
664 557 458 492 186 181 859 621 666 694 549 757 706 164 448 622 526 667 457 487 384 622 431 326 292 200 743 651 870 677 270 407 150 649 606 510 796 871 710 77 391 184 603 564 781 853 566 101 273 192 677 477 462 384 677 646 405 506 650 568 488 334 747 513 729 558 229 606 335 536 553 256 522 448 268 636 581 727 412 446 657 810 181 725 415 412 643 514 288 824 766 387 503 376 321 677 467 -1 865 858 
527 425 880 456 738 831 849 788 680 218 543 709 476 756 665 621 369 645 525 378 610 315 433 545 907 769 595 765 41 600 596 489 954 220 361 796 689 75 154 797 474 940 439 528 495 118 808 846 753 829 490 414 724 729 393 239 491 387 607 300 658 615 542 860 242 867 668 263 1098 492 477 693 568 482 851 497 676 638 457 424 263 484 684 152 770 713 472 422 1042 622 351 644 362 977 986 422 599 865 -1 722 
249 884 495 470 673 696 141 282 192 545 340 104 266 884 409 240 768 192 901 677 487 485 652 641 658 659 150 238 687 196 735 788 826 622 445 390 62 792 674 843 658 779 367 992 227 609 345 768 588 975 270 766 404 1034 358 743 560 546 218 690 1049 883 190 431 492 398 651 612 847 936 381 899 356 502 635 292 277 138 714 712 797 238 766 619 1086 449 307 480 812 100 371 963 632 655 712 330 983 858 722 -1 
