100
-1 546 364 145 141 262 554 511 168 562 519 460 615 306 238 312 525 103 414 303 181 303 343 391 460 234 542 44 65 335 344 592 268 230 575 204 574 276 193 385 472 169 130 214 233 506 574 131 399 345 500 446 232 410 181 253 558 121 422 234 320 495 196 585 341 294 205 634 617 242 208 174 310 507 438 594 62 485 370 602 547 363 394 622 390 268 509 400 623 263 266 187 442 280 55 251 282 306 213 337 
546 -1 545 493 485 309 73 290 559 252 47 100 502 455 609 436 642 554 250 689 367 840 210 727 297 399 521 520 584 470 580 650 741 439 823 481 777 603 610 195 592 636 447 408 562 430 107 527 377 790 285 676 353 321 394 331 137 456 962 488 512 668 406 48 543 839 729 797 411 460 754 691 405 39 206 458 515 478 916 519 845 297 498 873 656 645 98 415 833 539 810 452 220 357 588 723 264 255 648 209 
364 545 -1 473 228 287 504 686 522 393 499 447 298 99 597 595 162 267 298 205 369 478 369 197 278 197 817 389 328 631 49 228 625 521 284 522 252 629 218 502 108 532 419 484 142 751 501 477 640 316 316 132 254 619 426 458 466 270 692 134 48 148 228 557 665 561 540 295 349 140 460 348 576 519 343 296 304 165 581 275 300 560 692 336 114 182 572 145 308 599 482 197 588 517 414 303 376 442 577 403 
145 493 473 -1 247 277 520 392 69 575 477 425 683 396 139 169 636 240 432 445 152 422 321 531 493 300 398 101 210 189 464 696 248 91 710 59 703 160 334 306 579 142 62 94 360 366 547 34 265 490 527 573 269 286 102 163 541 202 481 338 426 615 260 538 199 373 244 759 663 336 314 314 173 454 442 655 183 564 467 677 687 250 248 759 520 408 433 471 754 126 377 277 341 162 141 396 249 239 157 297 
141 485 228 247 -1 176 474 528 294 447 448 388 474 165 369 385 391 75 302 231 175 365 274 303 336 106 615 161 128 417 217 455 409 305 469 299 457 401 130 365 336 310 197 272 119 561 488 249 448 315 378 327 133 441 218 270 465 50 533 94 182 368 81 515 443 400 338 512 483 100 299 212 371 448 335 455 79 343 454 461 455 385 478 520 276 188 472 260 510 373 345 49 441 320 196 239 237 287 352 286 
262 309 287 277 176 -1 300 398 345 304 272 212 416 188 416 339 431 247 157 387 127 537 100 438 215 99 542 251 285 378 307 473 508 282 570 302 539 432 301 216 373 398 215 239 260 469 316 300 362 484 250 418 44 334 188 188 297 152 684 190 243 433 97 339 430 554 465 578 386 165 460 385 313 273 175 384 217 314 620 415 575 276 435 622 383 343 305 218 596 382 512 144 301 248 314 414 88 155 428 121 
554 73 504 520 474 300 -1 360 588 181 48 95 433 420 644 484 588 547 206 663 382 837 210 693 240 380 588 533 584 521 543 590 768 476 775 515 727 643 593 241 541 660 468 441 538 498 36 551 435 769 222 632 342 381 418 364 63 452 975 463 476 618 394 55 592 848 746 741 339 435 758 686 452 90 160 389 515 421 919 452 802 349 554 825 618 621 167 366 781 580 811 437 282 399 600 708 276 284 677 224 
511 290 686 392 528 398 360 -1 434 522 316 314 746 587 450 248 823 570 453 759 354 810 326 826 521 493 234 469 570 262 704 854 601 303 968 347 938 425 655 185 766 519 381 301 640 146 396 424 146 837 528 816 435 106 331 262 418 481 863 580 641 830 474 334 330 764 630 974 672 559 705 685 227 271 423 704 513 683 859 756 970 147 259 1021 779 716 192 596 994 364 767 521 100 232 528 749 310 246 509 286 
168 559 522 69 294 345 588 434 -1 645 545 493 747 452 75 193 685 272 501 470 221 401 391 559 561 360 402 134 228 199 508 749 181 132 744 87 742 107 361 369 630 84 130 153 399 386 616 47 296 500 596 613 334 327 171 227 610 255 429 388 476 659 320 605 182 333 196 801 730 389 291 315 206 520 512 719 221 625 432 738 715 301 249 791 558 437 495 532 792 103 352 331 395 215 140 405 319 305 88 366 
562 252 393 575 447 304 181 522 645 -1 212 208 255 334 712 590 438 522 148 582 423 806 262 591 118 341 736 555 573 630 439 426 812 558 636 589 581 721 540 365 400 702 514 517 471 648 155 601 567 695 77 506 330 518 477 446 118 444 979 401 380 478 371 232 695 846 767 585 158 373 747 655 559 255 133 211 510 269 900 276 675 474 674 683 506 546 336 248 632 664 791 400 431 496 616 653 332 373 730 299 
519 47 499 477 448 272 48 316 545 212 -1 60 457 410 599 437 595 519 203 647 343 807 177 683 250 359 541 495 553 473 535 603 725 430 776 470 730 597 571 193 545 618 427 396 521 451 83 509 387 750 240 629 316 333 376 319 102 422 938 446 468 621 368 66 544 813 707 749 369 418 725 657 405 44 158 414 484 431 887 474 799 301 506 826 611 604 125 368 785 533 780 414 235 352 563 685 237 240 634 184 
460 100 447 425 388 212 95 314 493 208 60 -1 436 356 551 400 552 459 159 589 286 747 117 627 217 300 528 437 493 437 481 567 673 385 727 422 684 551 511 161 501 565 372 348 462 439 122 456 363 691 216 579 255 312 323 271 123 362 880 388 413 574 308 127 507 754 650 707 357 360 665 597 368 71 118 393 424 394 827 449 747 271 476 779 558 546 140 322 740 489 719 354 222 310 505 625 180 191 582 128 
615 502 298 683 474 416 433 746 747 255 457 436 -1 311 821 753 242 537 296 500 541 776 435 469 226 387 937 626 598 793 345 198 883 699 443 716 380 843 510 569 235 780 621 656 432 855 409 699 759 608 220 353 415 719 603 601 372 498 985 390 319 300 427 486 847 852 812 363 107 375 750 640 726 497 323 43 553 136 878 31 499 665 847 480 380 480 575 215 421 797 777 428 648 660 670 602 486 546 818 478 
306 455 99 396 165 188 420 587 452 334 410 356 311 -1 527 505 249 226 216 249 278 484 271 273 216 102 722 323 286 542 125 302 574 434 383 440 351 555 213 403 190 474 337 395 138 654 421 404 544 360 257 230 157 521 337 363 389 196 680 79 58 245 138 471 581 546 501 391 332 64 443 338 484 427 260 295 244 178 583 296 394 463 602 435 202 212 476 103 407 519 477 121 488 423 361 321 277 343 515 304 
238 609 597 139 369 416 644 450 75 712 599 551 821 527 -1 202 759 342 570 535 290 432 454 625 632 435 377 207 294 193 581 824 151 170 812 128 813 44 429 415 705 101 201 203 471 378 673 122 306 556 666 685 408 347 235 280 670 330 421 463 551 732 395 656 149 344 206 873 802 465 324 369 225 571 578 793 294 700 447 813 780 332 229 859 629 504 537 607 861 86 381 406 428 254 201 461 382 359 66 425 
312 436 595 169 385 339 484 248 193 590 437 400 753 505 202 -1 754 399 468 603 227 588 331 685 538 402 232 267 377 40 596 805 353 82 855 113 840 180 492 243 696 275 192 112 504 196 518 196 104 657 563 710 353 144 169 152 523 335 618 465 547 743 367 485 107 526 388 890 710 455 479 484 32 401 460 718 338 652 625 753 839 141 97 905 661 563 353 556 894 117 541 401 233 94 310 563 268 217 262 291 
525 642 162 636 391 431 588 823 685 438 595 552 242 249 759 754 -1 425 393 307 527 595 498 248 347 352 971 552 484 790 183 78 781 682 203 684 144 792 361 637 58 692 581 643 295 901 575 640 792 399 371 125 405 766 586 612 537 433 821 297 210 60 386 643 827 696 691 154 334 301 598 485 733 623 437 265 465 169 698 211 256 708 851 246 172 304 688 231 194 761 609 359 723 672 574 420 519 586 737 537 
103 554 267 240 75 247 547 570 272 522 519 459 537 226 342 399 425 -1 378 205 217 290 343 290 410 181 631 141 61 426 243 496 357 316 472 298 470 380 93 420 375 267 207 291 131 586 562 232 475 266 453 342 206 476 244 308 540 99 460 147 228 393 155 586 439 325 276 531 553 164 224 138 391 516 411 521 60 403 378 521 446 424 486 520 286 167 534 326 519 364 269 122 490 349 148 180 298 340 313 350 
414 250 298 432 302 157 206 453 501 148 203 159 296 216 570 468 393 378 -1 463 280 666 139 488 71 197 641 407 427 508 337 409 665 425 572 451 527 583 406 273 342 555 370 382 342 558 205 456 464 572 96 427 181 422 337 317 173 296 832 268 271 417 224 259 568 699 619 548 241 240 601 513 438 230 45 256 362 235 756 304 596 370 558 623 411 423 297 164 582 529 647 257 353 373 467 520 200 254 584 183 
303 689 205 445 231 387 663 759 470 582 647 589 500 249 535 603 307 205 463 -1 406 288 486 91 464 290 836 344 241 631 156 386 513 521 282 503 297 576 111 593 278 446 411 494 126 788 667 434 676 112 505 189 342 672 444 501 637 280 514 200 203 255 293 711 643 393 413 365 555 229 300 192 594 656 506 501 265 370 391 475 245 616 692 325 135 44 692 338 337 566 304 244 671 549 333 114 462 517 494 506 
181 367 369 152 175 127 382 354 221 423 343 286 541 278 290 227 527 217 280 406 -1 482 174 477 342 175 448 152 228 264 374 578 392 159 636 175 616 305 300 206 468 282 91 118 292 388 406 178 276 483 375 488 128 266 62 95 395 126 595 242 321 517 141 408 308 472 364 664 514 229 389 342 207 328 290 510 163 431 551 537 627 210 324 688 442 363 328 334 671 255 447 179 273 149 220 397 106 126 306 159 
303 840 478 422 365 537 837 810 401 806 807 747 776 484 432 588 595 290 666 288 482 -1 630 360 691 468 803 341 256 599 433 674 333 513 535 475 568 477 271 688 564 331 429 509 348 785 852 392 687 216 733 475 496 706 483 556 830 385 230 408 459 542 445 874 578 132 234 638 814 434 110 152 595 802 700 770 324 641 103 753 475 664 650 565 423 297 810 586 596 502 52 408 746 578 282 176 578 608 369 632 
343 210 369 321 274 100 210 326 391 262 177 117 435 271 454 331 498 343 139 486 174 630 -1 534 211 196 502 323 376 371 395 528 566 296 654 328 618 461 401 141 441 456 264 255 359 421 232 350 324 584 232 502 144 284 219 183 220 245 765 287 329 509 197 243 434 638 537 650 380 260 548 481 301 174 130 396 307 357 710 440 664 230 419 706 472 442 207 269 674 402 602 244 226 236 389 513 71 114 478 43 
391 727 197 531 303 438 693 826 559 591 683 627 469 273 625 685 248 290 488 91 477 360 534 -1 475 339 916 431 331 714 152 326 604 603 190 588 210 666 198 652 234 538 493 574 186 864 693 521 752 152 513 123 396 743 521 573 660 353 590 248 217 189 351 744 730 475 504 279 538 273 387 282 673 697 533 477 348 349 460 440 155 686 775 234 89 122 741 342 247 654 383 304 734 624 424 196 520 580 586 560 
460 297 278 493 336 215 240 521 561 118 250 217 226 216 632 538 347 410 71 464 342 691 211 475 -1 230 712 458 464 578 323 353 719 492 537 516 486 647 423 343 301 610 430 449 352 629 229 515 535 576 42 398 230 493 401 386 192 339 870 283 262 379 264 296 637 736 665 500 173 257 635 540 509 284 99 185 404 181 785 235 569 441 629 585 393 428 357 134 540 595 677 288 422 443 515 535 269 325 642 254 
234 399 197 300 106 99 380 493 360 341 359 300 387 102 435 402 352 181 197 290 175 468 196 339 230 -1 620 240 233 439 210 403 499 332 475 340 448 460 213 314 293 394 239 292 163 553 390 313 443 391 272 323 58 422 235 261 364 113 639 91 150 345 40 425 480 506 438 492 383 66 406 316 381 366 233 362 175 264 559 378 477 363 499 527 285 246 403 171 504 420 450 59 398 320 289 328 183 247 431 220 
542 521 817 398 615 542 588 234 402 736 541 528 937 722 377 232 971 631 641 836 448 803 502 916 712 620 -1 498 608 208 822 1015 518 315 1083 338 1065 336 724 372 912 474 424 342 734 90 624 419 180 888 728 936 565 219 396 358 642 565 791 691 769 965 589 566 227 722 583 1112 876 677 692 711 243 498 621 898 571 853 825 942 1070 272 152 1135 889 796 423 759 1120 301 753 627 306 300 534 794 458 393 444 458 
44 520 389 101 161 251 533 469 134 555 495 437 626 323 207 267 552 141 407 344 152 341 323 431 458 240 498 -1 109 290 374 617 260 185 612 160 609 241 233 351 497 153 88 171 266 461 555 91 355 390 497 479 227 367 141 214 542 128 443 256 344 525 200 560 299 320 214 667 621 260 241 218 265 480 427 602 87 500 402 616 587 322 350 661 425 308 476 410 659 223 302 202 404 238 67 296 257 273 192 311 
65 584 328 210 128 285 584 570 228 573 553 493 598 286 294 377 484 61 427 241 228 256 376 331 464 233 608 109 -1 400 301 556 296 294 518 269 522 334 135 435 435 211 192 277 188 570 601 194 463 280 506 396 248 471 239 309 582 133 405 208 289 449 202 620 404 272 214 584 611 224 175 114 374 546 456 581 69 464 334 582 486 423 459 565 339 210 555 386 569 326 226 177 497 342 93 186 322 354 258 376 
335 470 631 189 417 378 521 262 199 630 473 437 793 542 193 40 790 426 508 631 264 599 371 714 578 439 208 290 400 -1 631 842 344 111 887 130 873 163 519 279 732 277 221 147 536 187 554 211 116 680 603 743 391 166 204 192 561 368 614 500 583 778 404 519 73 529 390 925 750 490 489 503 70 436 500 758 366 691 630 793 869 173 61 937 694 592 384 595 927 107 551 435 261 135 327 585 308 257 257 331 
344 580 49 464 217 307 543 704 508 439 535 481 345 125 581 596 183 243 337 156 374 433 395 152 323 210 822 374 301 631 -1 256 598 519 264 515 243 616 181 523 136 510 413 484 112 760 542 464 649 267 362 114 269 631 427 466 508 264 651 131 67 151 234 595 660 521 509 295 399 146 421 308 580 552 382 344 287 213 536 321 269 573 692 317 77 135 601 191 297 590 440 195 608 523 392 257 394 458 556 426 
592 650 228 696 455 473 590 854 749 426 603 567 198 302 824 805 78 496 409 386 578 674 528 326 353 403 1015 617 556 842 256 -1 853 736 251 742 186 854 437 669 121 761 639 696 367 941 573 703 835 477 368 202 452 805 639 658 535 494 899 361 272 136 441 645 883 773 765 165 301 360 675 562 782 636 449 230 532 173 777 167 314 747 902 284 251 382 706 259 223 821 688 419 754 719 643 499 558 624 805 569 
268 741 625 248 409 508 768 601 181 812 725 673 883 574 151 353 781 357 665 513 392 333 566 604 719 499 518 260 296 344 598 853 -1 310 795 265 808 184 423 551 732 110 301 335 485 527 795 216 457 503 757 687 488 497 350 409 787 386 273 500 584 744 460 786 294 219 104 873 882 510 238 323 375 702 681 861 330 753 321 871 751 478 376 837 629 493 676 668 850 238 282 455 573 395 213 416 495 486 94 544 
230 439 521 91 305 282 476 303 132 558 430 385 699 434 170 82 682 316 425 521 159 513 296 603 492 332 315 185 294 111 519 736 310 -1 775 45 762 166 409 244 624 217 109 43 424 276 507 121 174 575 521 632 288 197 97 114 506 256 562 389 473 667 295 486 148 460 327 814 665 381 405 402 82 401 425 666 256 590 556 696 758 168 173 825 582 481 367 494 815 105 467 325 263 84 232 481 227 193 216 262 
575 823 284 710 469 570 775 968 744 636 776 727 443 383 812 855 203 472 572 282 636 535 654 190 537 475 1083 612 518 887 264 251 795 775 -1 765 65 851 383 786 237 727 666 742 351 1024 766 704 912 319 566 152 533 896 687 730 729 519 765 394 326 158 498 830 909 657 694 119 538 411 575 472 840 799 617 468 527 367 630 411 72 838 948 52 193 308 856 408 62 835 565 457 871 785 612 384 658 722 775 687 
204 481 522 59 299 302 515 347 87 589 470 422 716 440 128 113 684 298 451 503 175 475 328 588 516 340 338 160 269 130 515 742 265 45 765 -1 756 132 392 287 627 172 102 74 415 310 545 83 213 550 547 626 302 240 114 151 543 252 517 387 474 666 301 528 144 417 282 811 688 382 366 372 121 443 455 685 240 603 515 712 744 214 189 815 574 466 412 507 809 80 429 325 308 129 197 455 257 231 170 298 
574 777 252 703 457 539 727 938 742 581 730 684 380 351 813 840 144 470 527 297 616 568 618 210 486 448 1065 609 522 873 243 186 808 762 65 756 -1 850 387 754 185 733 655 727 343 1002 716 700 891 354 513 130 506 871 671 708 678 506 799 374 298 110 476 782 901 685 710 69 477 388 597 489 823 756 571 406 522 312 666 348 133 812 935 102 183 315 816 362 56 829 594 438 839 765 615 407 628 694 780 654 
276 603 629 160 401 432 643 425 107 721 597 551 843 555 44 180 792 380 583 576 305 477 461 666 647 460 336 241 334 163 616 854 184 166 851 132 850 -1 468 408 736 146 221 205 507 343 674 152 279 599 679 721 428 324 246 281 673 360 457 494 582 767 420 651 110 386 249 909 819 494 368 412 207 566 588 813 329 725 489 837 821 317 191 898 666 544 526 631 899 65 426 435 412 246 242 505 389 360 109 429 
193 610 218 334 130 301 593 655 361 540 571 511 510 213 429 492 361 93 406 111 300 271 401 198 423 213 724 233 135 519 181 437 423 409 383 392 387 468 -1 495 317 345 300 383 78 678 603 323 566 185 466 263 256 564 334 394 576 174 475 139 191 321 204 637 532 343 330 451 544 167 242 130 483 575 444 501 153 374 370 489 354 510 580 430 206 75 602 315 433 456 267 157 570 439 229 115 367 417 393 416 
385 195 502 306 365 216 241 185 369 365 193 161 569 403 415 243 637 420 273 593 206 688 141 652 343 314 372 351 435 279 523 669 551 244 786 287 754 408 495 -1 580 449 269 216 469 286 275 340 202 680 356 634 256 153 213 143 284 323 785 403 459 645 301 243 351 669 548 789 504 380 592 548 211 159 249 529 369 498 754 577 791 110 314 838 599 549 127 410 810 343 652 349 85 162 417 599 131 80 457 100 
472 592 108 579 336 373 541 766 630 400 545 501 235 190 705 696 58 375 342 278 468 564 441 234 301 293 912 497 435 732 136 121 732 624 237 627 185 736 317 580 -1 640 524 585 247 842 531 584 733 379 329 118 346 708 528 554 493 377 785 242 153 78 328 596 770 657 645 208 314 244 558 445 675 572 386 248 412 132 667 206 277 649 792 284 148 267 635 178 240 705 574 302 666 613 522 388 461 528 685 480 
169 636 532 142 310 398 660 519 84 702 618 565 780 474 101 275 692 267 555 446 282 331 456 538 610 394 474 153 211 277 510 761 110 217 727 172 733 146 345 449 640 -1 192 234 398 465 686 109 380 458 647 607 379 412 242 306 677 281 345 403 489 660 354 680 247 251 113 796 774 410 222 271 291 596 571 756 230 652 352 769 691 385 322 772 550 419 576 564 779 173 280 353 479 299 118 365 386 381 47 436 
130 447 419 62 197 215 468 381 130 514 427 372 621 337 201 192 581 207 370 411 91 429 264 493 430 239 424 88 192 221 413 639 301 109 666 102 655 221 300 269 524 192 -1 85 315 380 494 86 271 469 465 525 206 280 56 128 485 149 517 285 371 563 200 490 246 400 281 709 600 279 327 304 184 408 382 592 146 503 487 615 648 234 282 716 474 372 396 409 708 181 389 222 317 150 150 377 193 194 215 244 
214 408 484 94 272 239 441 301 153 517 396 348 656 395 203 112 643 291 382 494 118 509 255 574 449 292 342 171 277 147 484 696 335 43 742 74 727 205 383 216 585 234 85 -1 392 294 470 129 185 555 479 597 246 196 57 77 468 222 576 353 435 631 256 454 191 467 339 778 622 343 404 389 99 369 383 623 231 548 560 653 727 156 208 793 549 454 342 452 781 147 466 288 247 69 227 463 185 156 241 223 
233 562 142 360 119 260 538 640 399 471 521 462 432 138 471 504 295 131 342 126 292 348 359 186 352 163 734 266 188 536 112 367 485 424 351 415 343 507 78 469 247 398 315 392 -1 679 545 357 567 230 395 213 216 557 338 387 516 169 553 74 112 262 168 585 559 421 398 401 466 103 319 208 491 529 384 423 178 296 448 412 336 500 597 401 159 83 565 239 394 486 345 119 549 439 279 183 338 395 444 380 
506 430 751 366 561 469 498 146 386 648 451 439 855 654 378 196 901 586 558 788 388 785 421 864 629 553 90 461 570 187 760 941 527 276 1024 310 1002 343 678 286 842 465 380 294 679 -1 534 393 112 850 643 875 497 137 343 294 553 510 799 630 704 899 526 476 234 717 578 1046 791 614 675 679 196 408 536 815 526 776 818 861 1016 194 153 1076 831 746 332 683 1057 294 737 567 217 240 507 756 383 316 444 378 
574 107 501 547 488 316 36 396 616 155 83 122 409 421 673 518 575 562 205 667 406 852 232 693 229 390 624 555 601 554 542 573 795 507 766 545 716 674 603 275 531 686 494 470 545 534 -1 578 471 775 205 626 356 416 445 393 38 469 997 470 476 609 407 78 625 868 769 727 312 441 776 700 486 126 161 366 533 407 936 430 796 384 589 815 615 627 203 360 769 611 828 448 318 431 621 718 300 314 705 250 
131 527 477 34 249 300 551 424 47 601 509 456 699 404 122 196 640 232 456 434 178 392 350 521 515 313 419 91 194 211 464 703 216 121 704 83 700 152 323 340 584 109 86 129 357 393 578 -1 295 472 550 570 287 318 133 197 570 208 447 342 430 615 272 571 210 339 210 758 683 343 283 291 203 487 468 672 178 577 434 691 677 284 268 752 516 399 468 485 750 132 346 284 376 196 115 376 279 272 128 328 
399 377 640 265 448 362 435 146 296 567 387 363 759 544 306 104 792 475 464 676 276 687 324 752 535 443 180 355 463 116 649 835 457 174 912 213 891 279 566 202 733 380 271 185 567 112 471 295 -1 740 553 763 387 56 232 182 483 398 722 518 593 788 414 425 186 629 493 935 702 503 579 574 92 347 447 720 415 673 728 763 903 94 123 964 718 634 284 578 946 219 641 455 158 128 405 648 278 213 366 280 
345 790 316 490 315 484 769 837 500 695 750 691 608 360 556 657 399 266 572 112 483 216 584 152 576 391 888 390 280 680 267 477 503 575 319 550 354 599 185 680 379 458 469 555 230 850 775 472 740 -1 617 274 439 743 511 575 746 358 446 305 316 341 387 815 681 340 398 423 666 334 268 187 653 756 614 611 325 480 312 581 260 691 739 350 230 149 786 451 380 602 248 339 754 616 360 95 552 602 505 600 
500 285 316 527 378 250 222 528 596 77 240 216 220 257 666 563 371 453 96 505 375 733 232 513 42 272 728 497 506 603 362 368 757 521 566 547 513 679 466 356 329 647 465 479 395 643 205 550 553 617 -1 432 269 509 433 412 167 380 912 326 302 407 305 277 664 778 706 522 148 299 678 583 533 277 107 177 445 202 828 235 601 458 652 613 429 470 354 171 565 625 720 330 431 468 555 577 295 347 678 274 
446 676 132 573 327 418 632 816 613 506 629 579 353 230 685 710 125 342 427 189 488 475 502 123 398 323 936 479 396 743 114 202 687 632 152 626 130 721 263 634 118 607 525 597 213 875 626 570 763 274 432 -1 382 745 541 581 590 376 703 245 174 67 349 685 771 582 592 188 432 260 488 376 694 651 472 366 392 246 578 323 170 687 805 204 57 196 705 266 183 699 493 309 719 637 489 303 506 570 654 535 
232 353 254 269 133 44 342 435 334 330 316 255 415 157 408 353 405 206 181 342 128 496 144 396 230 58 565 227 248 391 269 452 488 288 533 302 506 428 256 256 346 379 206 246 216 497 356 287 387 439 269 382 -1 365 191 207 334 115 651 147 208 402 52 382 437 519 437 548 396 124 423 344 330 318 208 385 182 302 582 409 535 306 450 586 344 298 349 206 562 382 473 100 339 267 286 369 125 188 412 164 
410 321 619 286 441 334 381 106 327 518 333 312 719 521 347 144 766 476 422 672 266 706 284 743 493 422 219 367 471 166 631 805 497 197 896 240 871 324 564 153 708 412 280 196 557 137 416 318 56 743 509 745 365 -1 232 170 431 392 757 503 573 766 397 369 238 657 523 913 657 485 600 585 122 292 402 679 417 639 753 725 892 58 179 948 704 629 227 546 927 262 662 441 102 129 423 653 247 180 404 241 
181 394 426 102 218 188 418 331 171 477 376 323 603 337 235 169 586 244 337 444 62 483 219 521 401 235 396 141 239 204 427 639 350 97 687 114 671 246 334 213 528 242 56 57 338 343 445 133 232 511 433 541 191 232 -1 72 438 168 572 296 378 573 199 437 246 456 336 721 574 286 383 354 153 354 343 572 185 493 543 600 674 183 265 738 493 402 340 397 725 194 444 232 262 105 206 420 147 139 260 194 
253 331 458 163 270 188 364 262 227 446 319 271 601 363 280 152 612 308 317 501 95 556 183 573 386 261 358 214 309 192 466 658 409 114 730 151 708 281 394 143 554 306 128 77 387 294 393 197 182 575 412 581 207 170 72 -1 392 221 642 336 411 607 232 377 251 528 405 754 559 320 455 424 125 292 313 565 251 502 616 601 723 115 247 782 537 458 270 406 764 220 516 273 189 60 278 487 117 79 316 148 
558 137 466 541 465 297 63 418 610 118 102 123 372 389 670 523 537 540 173 637 395 830 220 660 192 364 642 542 582 561 508 535 787 506 729 543 678 673 576 284 493 677 485 468 516 553 38 570 483 746 167 590 334 431 438 392 -1 449 981 441 443 571 384 114 631 851 756 689 276 413 757 678 491 147 132 328 514 369 916 392 760 394 599 778 581 597 227 324 732 611 807 423 335 434 607 692 291 313 698 245 
121 456 270 202 50 152 452 481 255 444 422 362 498 196 330 335 433 99 296 280 126 385 245 353 339 113 565 128 133 368 264 494 386 256 519 252 506 360 174 323 377 281 149 222 169 510 469 208 398 358 380 376 115 392 168 221 449 -1 535 136 223 413 75 489 396 403 326 559 496 134 308 235 321 418 324 475 66 371 467 487 505 336 429 570 326 237 435 282 559 328 359 75 396 270 176 276 199 244 320 251 
422 962 692 481 533 684 975 863 429 979 938 880 985 680 421 618 821 460 832 514 595 230 765 590 870 639 791 443 405 614 651 899 273 562 765 517 799 457 475 785 785 345 517 576 553 799 997 447 722 446 912 703 651 757 572 642 981 535 -1 600 666 769 608 1004 567 134 237 869 1011 622 236 344 635 923 859 974 469 849 138 965 704 730 648 794 650 517 912 783 827 506 211 582 822 642 375 400 701 711 356 755 
234 488 134 338 94 190 463 580 388 401 446 388 390 79 463 465 297 147 268 200 242 408 287 248 283 91 691 256 208 500 131 361 500 389 394 387 374 494 139 403 242 403 285 353 74 630 470 342 518 305 326 245 147 503 296 336 441 136 600 -1 88 278 105 510 531 467 423 425 410 28 364 261 448 455 309 374 172 255 506 374 390 445 561 446 200 158 494 182 429 464 399 64 486 392 287 252 272 333 446 311 
320 512 48 426 182 243 476 641 476 380 468 413 319 58 551 547 210 228 271 203 321 459 329 217 262 150 769 344 289 583 67 272 584 473 326 474 298 582 191 459 153 489 371 435 112 704 476 430 593 316 302 174 208 573 378 411 443 223 666 88 -1 196 180 528 617 533 503 343 357 92 431 321 528 485 316 310 259 183 560 299 336 514 644 379 144 171 534 135 354 551 458 149 544 469 372 289 331 396 533 361 
495 668 148 615 368 433 618 830 659 478 621 574 300 245 732 743 60 393 417 255 517 542 509 189 379 345 965 525 449 778 151 136 744 667 158 666 110 767 321 645 78 660 563 631 262 899 609 615 788 341 407 67 402 766 573 607 571 413 769 278 196 -1 376 673 810 646 651 147 387 288 551 439 724 646 462 319 438 210 644 269 201 708 839 206 120 257 706 253 166 741 559 342 731 665 541 369 522 588 706 545 
196 406 228 260 81 97 394 474 320 371 368 308 427 138 395 367 386 155 224 293 141 445 197 351 264 40 589 200 202 404 234 441 460 295 498 301 476 420 204 301 328 354 200 256 168 526 407 272 414 387 305 349 52 397 199 232 384 75 608 105 180 376 -1 435 442 475 401 523 421 88 377 293 348 370 255 402 139 305 533 418 495 339 464 551 306 248 399 212 532 381 424 49 382 289 251 317 169 228 391 213 
585 48 557 538 515 339 55 334 605 232 66 127 486 471 656 485 643 586 259 711 408 874 243 744 296 425 566 560 620 519 595 645 786 486 830 528 782 651 637 243 596 680 490 454 585 476 78 571 425 815 277 685 382 369 437 377 114 489 1004 510 528 673 435 -1 592 879 771 796 390 482 791 724 453 85 213 443 551 476 953 506 856 346 547 879 670 669 144 421 836 587 846 480 268 405 628 751 303 299 694 248 
341 543 665 199 443 430 592 330 182 695 544 507 847 581 149 107 827 439 568 643 308 578 434 730 637 480 227 299 404 73 660 883 294 148 909 144 901 110 532 351 770 247 246 191 559 234 625 210 186 681 664 771 437 238 246 251 631 396 567 531 617 810 442 592 -1 494 355 956 809 525 468 497 139 508 564 813 382 739 597 845 886 246 81 958 718 607 457 643 953 78 527 468 335 199 321 585 368 322 216 396 
294 839 561 373 400 554 848 764 333 846 813 754 852 546 344 526 696 325 699 393 472 132 638 475 736 506 722 320 272 529 521 773 219 460 657 417 685 386 343 669 657 251 400 467 421 717 868 339 629 340 778 582 519 657 456 528 851 403 134 467 533 646 475 879 494 -1 138 754 877 487 102 213 539 800 728 840 337 716 103 833 601 624 572 691 526 391 795 649 718 424 92 448 713 536 252 279 576 592 277 630 
205 729 540 244 338 465 746 630 196 767 707 650 812 501 206 388 691 276 619 413 364 234 537 504 665 438 583 214 214 390 509 765 104 327 694 282 710 249 330 548 645 113 281 339 398 578 769 210 493 398 706 592 437 523 336 405 756 326 237 423 503 651 401 771 355 138 -1 776 821 437 134 221 403 689 641 794 262 679 241 797 648 493 433 735 534 396 676 599 751 285 182 387 586 406 151 313 470 476 139 523 
634 797 295 759 512 578 741 974 801 585 749 707 363 391 873 890 154 531 548 365 664 638 650 279 500 492 1112 667 584 925 295 165 873 814 119 811 69 909 451 789 208 796 709 778 401 1046 727 758 935 423 522 188 548 913 721 754 689 559 869 425 343 147 523 796 956 754 776 -1 466 435 666 557 872 778 591 395 580 320 736 332 192 854 986 131 245 380 843 386 67 886 663 489 875 812 678 476 667 734 843 688 
617 411 349 663 483 386 339 672 730 158 369 357 107 332 802 710 334 553 241 555 514 814 380 538 173 383 876 621 611 750 399 301 882 665 538 688 477 819 544 504 314 774 600 622 466 791 312 683 702 666 148 432 396 657 574 559 276 496 1011 410 357 387 421 390 809 877 821 466 -1 389 775 671 680 411 255 70 558 188 914 135 588 607 800 578 449 527 491 228 521 767 809 434 577 615 673 646 441 495 808 423 
242 460 140 336 100 165 435 559 389 373 418 360 375 64 465 455 301 164 240 229 229 434 260 273 257 66 677 260 224 490 146 360 510 381 411 382 388 494 167 380 244 410 279 343 103 614 441 343 503 334 299 260 124 485 286 320 413 134 622 28 92 288 88 482 525 487 437 435 389 -1 385 285 436 428 280 357 180 242 530 360 411 426 551 463 220 186 468 162 443 460 423 58 463 377 297 280 249 312 451 286 
208 754 460 314 299 460 758 705 291 747 725 665 750 443 324 479 598 224 601 300 389 110 548 387 635 406 692 241 175 489 421 675 238 405 575 366 597 368 242 592 558 222 327 404 319 675 776 283 579 268 678 488 423 600 383 455 757 308 236 364 431 551 377 791 468 102 134 666 775 385 -1 113 487 715 631 738 242 614 162 730 524 560 540 612 431 294 717 546 634 392 62 347 645 473 177 191 490 513 262 544 
174 691 348 314 212 385 686 685 315 655 657 597 640 338 369 484 485 138 513 192 342 152 481 282 540 316 711 218 114 503 308 562 323 402 472 372 489 412 130 548 445 271 304 389 208 679 700 291 574 187 583 376 344 585 354 424 678 235 344 261 321 439 293 724 497 213 221 557 671 285 113 -1 484 653 548 630 179 504 245 620 427 537 559 513 319 181 667 442 529 418 138 256 612 455 177 94 432 468 318 485 
310 405 576 173 371 313 452 227 206 559 405 368 726 484 225 32 733 391 438 594 207 595 301 673 509 381 243 265 374 70 580 782 375 82 840 121 823 207 483 211 675 291 184 99 491 196 486 203 92 653 533 694 330 122 153 125 491 321 635 448 528 724 348 453 139 539 403 872 680 436 487 484 -1 369 430 690 330 628 636 726 827 110 121 891 646 554 322 531 877 142 549 384 204 66 314 560 240 186 282 260 
507 39 519 454 448 273 90 271 520 255 44 71 497 427 571 401 623 516 230 656 328 802 174 697 284 366 498 480 546 436 552 636 702 401 799 443 756 566 575 159 572 596 408 369 529 408 126 487 347 756 277 651 318 292 354 292 147 418 923 455 485 646 370 85 508 800 689 778 411 428 715 653 369 -1 187 453 477 463 877 512 819 263 467 850 629 613 81 393 812 502 771 418 192 320 548 687 224 215 609 170 
438 206 343 442 335 175 160 423 512 133 158 118 323 260 578 460 437 411 45 506 290 700 130 533 99 233 621 427 456 500 382 449 681 425 617 455 571 588 444 249 386 571 382 383 384 536 161 468 447 614 107 472 208 402 343 313 132 324 859 309 316 462 255 213 564 728 641 591 255 280 631 548 430 187 -1 281 390 276 789 334 642 352 548 668 457 465 258 209 627 531 680 292 325 366 490 559 198 243 597 170 
594 458 296 655 455 384 389 704 719 211 414 393 43 295 793 718 265 521 256 501 510 770 396 477 185 362 898 602 581 758 344 230 861 666 468 685 406 813 501 529 248 756 592 623 423 815 366 672 720 611 177 366 385 679 572 565 328 475 974 374 310 319 402 443 813 840 794 395 70 357 738 630 690 453 281 -1 533 130 871 66 520 626 811 508 388 477 531 194 451 766 768 407 606 624 649 598 450 508 793 439 
62 515 304 183 79 217 515 513 221 510 484 424 553 244 294 338 465 60 362 265 163 324 307 348 404 175 571 87 69 366 287 532 330 256 527 240 522 329 153 369 412 230 146 231 178 526 533 178 415 325 445 392 182 417 185 251 514 66 469 172 259 438 139 551 382 337 262 580 558 180 242 179 330 477 390 533 -1 423 403 540 504 366 427 576 338 226 488 338 572 308 295 125 436 290 117 236 253 289 273 307 
485 478 165 564 343 314 421 683 625 269 431 394 136 178 700 652 169 403 235 370 431 641 357 349 181 264 853 500 464 691 213 173 753 590 367 603 312 725 374 498 132 652 503 548 296 776 407 577 673 480 202 246 302 639 493 502 369 371 849 255 183 210 305 476 739 716 679 320 188 242 614 504 628 463 276 130 423 -1 743 118 409 582 749 413 260 347 532 96 363 683 641 298 582 562 540 468 394 460 692 400 
370 916 581 467 454 620 919 859 432 900 887 827 878 583 447 625 698 378 756 391 551 103 710 460 785 559 825 402 334 630 536 777 321 556 630 515 666 489 370 754 667 352 487 560 448 818 936 434 728 312 828 578 582 753 543 616 916 467 138 506 560 644 533 953 597 103 241 736 914 530 162 245 636 877 789 871 403 743 -1 856 567 717 674 657 526 400 879 686 692 526 108 499 804 629 337 279 652 675 380 707 
602 519 275 677 461 415 452 756 738 276 474 449 31 296 813 753 211 521 304 475 537 753 440 440 235 378 942 616 582 793 321 167 871 696 411 712 348 837 489 577 206 769 615 653 412 861 430 691 763 581 235 323 409 725 600 601 392 487 965 374 299 269 418 506 845 833 797 332 135 360 730 620 726 512 334 66 540 118 856 -1 467 670 848 449 353 456 589 206 390 792 756 415 657 660 657 578 488 550 808 484 
547 845 300 687 455 575 802 970 715 675 799 747 499 394 780 839 256 446 596 245 627 475 664 155 569 477 1070 587 486 869 269 314 751 758 72 744 133 821 354 791 277 691 648 727 336 1016 796 677 903 260 601 170 535 892 674 723 760 505 704 390 336 201 495 856 886 601 648 192 588 411 524 427 827 819 642 520 504 409 567 467 -1 834 930 90 192 278 870 436 132 810 509 450 875 775 579 335 661 723 738 695 
363 297 560 250 385 276 349 147 301 474 301 271 665 463 332 141 708 424 370 616 210 664 230 686 441 363 272 322 423 173 573 747 478 168 838 214 812 317 510 110 649 385 234 156 500 194 384 284 94 691 458 687 306 58 183 115 394 336 730 445 514 708 339 346 246 624 493 854 607 426 560 537 110 263 352 626 366 582 717 670 834 -1 205 890 646 573 211 489 868 252 622 383 95 87 382 602 189 122 383 186 
394 498 692 248 478 435 554 259 249 674 506 476 847 602 229 97 851 486 558 692 324 650 419 775 629 499 152 350 459 61 692 902 376 173 948 189 935 191 580 314 792 322 282 208 597 153 589 268 123 739 652 805 450 179 265 247 599 429 648 561 644 839 464 547 81 572 433 986 800 551 540 559 121 467 548 811 427 749 674 848 930 205 -1 999 755 653 407 653 989 148 600 497 281 187 383 644 361 305 295 378 
622 873 336 759 520 622 825 1021 791 683 826 779 480 435 859 905 246 520 623 325 688 565 706 234 585 527 1135 661 565 937 317 284 837 825 52 815 102 898 430 838 284 772 716 793 401 1076 815 752 964 350 613 204 586 948 738 782 778 570 794 446 379 206 551 879 958 691 735 131 578 463 612 513 891 850 668 508 576 413 657 449 90 890 999 -1 245 354 908 458 64 884 598 509 923 837 658 422 710 775 820 740 
390 656 114 520 276 383 618 779 558 506 611 558 380 202 629 661 172 286 411 135 442 423 472 89 393 285 889 425 339 694 77 251 629 582 193 574 183 666 206 599 148 550 474 549 159 831 615 516 718 230 429 57 344 704 493 537 581 326 650 200 144 120 306 670 718 526 534 245 449 220 431 319 646 629 457 388 338 260 526 353 192 646 755 245 -1 138 679 259 234 646 439 263 683 591 432 249 469 532 597 503 
268 645 182 408 188 343 621 716 437 546 604 546 480 212 504 563 304 167 423 44 363 297 442 122 428 246 796 308 210 592 135 382 493 481 308 466 315 544 75 549 267 419 372 454 83 746 627 399 634 149 470 196 298 629 402 458 597 237 517 158 171 257 248 669 607 391 396 380 527 186 294 181 554 613 465 477 226 347 400 456 278 573 653 354 138 -1 647 306 359 531 306 199 627 507 304 122 418 473 467 462 
509 98 572 433 472 305 167 192 495 336 125 140 575 476 537 353 688 534 297 692 328 810 207 741 357 403 423 476 555 384 601 706 676 367 856 412 816 526 602 127 635 576 396 342 565 332 203 468 284 786 354 705 349 227 340 270 227 435 912 494 534 706 399 144 457 795 676 843 491 468 717 667 322 81 258 531 488 532 879 589 870 211 407 908 679 647 -1 457 873 461 776 448 125 283 543 711 236 203 582 186 
400 415 145 471 260 218 366 596 532 248 368 322 215 103 607 556 231 326 164 338 334 586 269 342 134 171 759 410 386 595 191 259 668 494 408 507 362 631 315 410 178 564 409 452 239 683 360 485 578 451 171 266 206 546 397 406 324 282 783 182 135 253 212 421 643 649 599 386 228 162 546 442 531 393 209 194 338 96 686 206 436 489 653 458 259 306 457 -1 418 588 580 212 495 466 455 421 300 366 603 310 
623 833 308 754 510 596 781 994 792 632 785 740 421 407 861 894 194 519 582 337 671 596 674 247 540 504 1120 659 569 927 297 223 850 815 62 809 56 899 433 810 240 779 708 781 394 1057 769 750 946 380 565 183 562 927 725 764 732 559 827 429 354 166 532 836 953 718 751 67 521 443 634 529 877 812 627 451 572 363 692 390 132 868 989 64 234 359 873 418 -1 880 626 493 896 820 662 442 685 750 827 710 
263 539 599 126 373 382 580 364 103 664 533 489 797 519 86 117 761 364 529 566 255 502 402 654 595 420 301 223 326 107 590 821 238 105 835 80 829 65 456 343 705 173 181 147 486 294 611 132 219 602 625 699 382 262 194 220 611 328 506 464 551 741 381 587 78 424 285 886 767 460 392 418 142 502 531 766 308 683 526 792 810 252 148 884 646 531 461 588 880 -1 452 402 347 181 242 507 332 298 150 368 
266 810 482 377 345 512 811 767 352 791 780 719 777 477 381 541 609 269 647 304 447 52 602 383 677 450 753 302 226 551 440 688 282 467 565 429 594 426 267 652 574 280 389 466 345 737 828 346 641 248 720 493 473 662 444 516 807 359 211 399 458 559 424 846 527 92 182 663 809 423 62 138 549 771 680 768 295 641 108 756 509 622 600 598 439 306 776 580 626 452 -1 391 706 535 239 190 546 573 317 601 
187 452 197 277 49 144 437 521 331 400 414 354 428 121 406 401 359 122 257 244 179 408 244 304 288 59 627 202 177 435 195 419 455 325 457 325 438 435 157 349 302 353 222 288 119 567 448 284 455 339 330 309 100 441 232 273 423 75 582 64 149 342 49 480 468 448 387 489 434 58 347 256 384 418 292 407 125 298 499 415 450 383 497 509 263 199 448 212 493 402 391 -1 430 328 242 271 218 276 394 262 
442 220 588 341 441 301 282 100 395 431 235 222 648 488 428 233 723 490 353 671 273 746 226 734 422 398 306 404 497 261 608 754 573 263 871 308 839 412 570 85 666 479 317 247 549 217 318 376 158 754 431 719 339 102 262 189 335 396 822 486 544 731 382 268 335 713 586 875 577 463 645 612 204 192 325 606 436 582 804 657 875 95 281 923 683 627 125 495 896 347 706 430 -1 180 467 670 214 153 479 186 
280 357 517 162 320 248 399 232 215 496 352 310 660 423 254 94 672 349 373 549 149 578 236 624 443 320 300 238 342 135 523 719 395 84 785 129 765 246 439 162 613 299 150 69 439 240 431 196 128 616 468 637 267 129 105 60 434 270 642 392 469 665 289 405 199 536 406 812 615 377 473 455 66 320 366 624 290 562 629 660 775 87 187 837 591 507 283 466 820 181 535 328 180 -1 296 525 174 123 300 197 
55 588 414 141 196 314 600 528 140 616 563 505 670 361 201 310 574 148 467 333 220 282 389 424 515 289 534 67 93 327 392 643 213 232 612 197 615 242 229 417 522 118 150 227 279 507 621 115 405 360 555 489 286 423 206 278 607 176 375 287 372 541 251 628 321 252 151 678 673 297 177 177 314 548 490 649 117 540 337 657 579 382 383 658 432 304 543 455 662 242 239 242 467 296 -1 265 325 340 165 379 
251 723 303 396 239 414 708 749 405 653 685 625 602 321 461 563 420 180 520 114 397 176 513 196 535 328 794 296 186 585 257 499 416 481 384 455 407 505 115 599 388 365 377 463 183 756 718 376 648 95 577 303 369 653 420 487 692 276 400 252 289 369 317 751 585 279 313 476 646 280 191 94 560 687 559 598 236 468 279 578 335 602 644 422 249 122 711 421 442 507 190 271 670 525 265 -1 475 520 412 525 
282 264 376 249 237 88 276 310 319 332 237 180 486 277 382 268 519 298 200 462 106 578 71 520 269 183 458 257 322 308 394 558 495 227 658 257 628 389 367 131 461 386 193 185 338 383 300 279 278 552 295 506 125 247 147 117 291 199 701 272 331 522 169 303 368 576 470 667 441 249 490 432 240 224 198 450 253 394 652 488 661 189 361 710 469 418 236 300 685 332 546 218 214 174 325 475 -1 66 407 54 
306 255 442 239 287 155 284 246 305 373 240 191 546 343 359 217 586 340 254 517 126 608 114 580 325 247 393 273 354 257 458 624 486 193 722 231 694 360 417 80 528 381 194 156 395 316 314 272 213 602 347 570 188 180 139 79 313 244 711 333 396 588 228 299 322 592 476 734 495 312 513 468 186 215 243 508 289 460 675 550 723 122 305 775 532 473 203 366 750 298 573 276 153 123 340 520 66 -1 394 73 
213 648 577 157 352 428 677 509 88 730 634 582 818 515 66 262 737 313 584 494 306 369 478 586 642 431 444 192 258 257 556 805 94 216 775 170 780 109 393 457 685 47 215 241 444 444 705 128 366 505 678 654 412 404 260 316 698 320 356 446 533 706 391 694 216 277 139 843 808 451 262 318 282 609 597 793 273 692 380 808 738 383 295 820 597 467 582 603 827 150 317 394 479 300 165 412 407 394 -1 454 
337 209 403 297 286 121 224 286 366 299 184 128 478 304 425 291 537 350 183 506 159 632 43 560 254 220 458 311 376 331 426 569 544 262 687 298 654 429 416 100 480 436 244 223 380 378 250 328 280 600 274 535 164 241 194 148 245 251 755 311 361 545 213 248 396 630 523 688 423 286 544 485 260 170 170 439 307 400 707 484 695 186 378 740 503 462 186 310 710 368 601 262 186 197 379 525 54 73 454 -1 
