100
-1 431 49 632 294 121 626 95 501 148 503 498 532 213 593 406 174 159 511 403 638 425 292 456 233 130 429 483 414 384 383 185 253 162 206 218 399 335 626 571 370 514 275 423 346 605 483 563 468 222 79 345 224 167 614 405 564 492 173 437 300 238 125 135 393 124 481 271 271 485 369 387 637 523 582 313 409 379 315 293 416 204 115 452 345 181 172 310 576 166 687 315 451 235 210 313 599 401 213 273 
431 -1 400 316 188 382 287 515 311 568 74 483 101 497 164 60 300 497 101 482 436 304 554 496 398 529 545 395 48 47 668 605 229 578 459 347 319 244 501 152 767 389 219 127 364 440 53 236 554 307 463 540 591 270 400 422 369 711 455 469 350 552 485 433 565 462 258 681 558 316 509 583 213 219 225 488 390 750 221 656 135 235 546 266 575 383 547 457 149 594 299 162 438 260 589 355 277 94 258 355 
49 400 -1 622 251 144 582 143 501 195 474 450 500 182 560 380 127 205 475 357 588 428 263 409 186 135 386 434 379 354 362 231 245 179 243 233 349 333 576 536 380 464 230 405 297 555 451 519 424 229 70 308 273 150 564 424 515 536 137 459 250 216 109 97 355 167 476 285 315 436 327 426 602 478 566 271 360 379 309 289 374 167 151 404 313 204 167 266 548 195 668 274 402 189 208 328 554 362 206 289 
632 316 622 -1 488 533 535 688 170 732 274 800 296 767 314 284 566 619 358 793 728 246 836 811 686 756 855 710 364 330 950 763 379 794 549 447 635 302 807 353 1002 702 516 227 675 742 308 508 867 422 692 837 704 472 693 371 670 683 720 398 654 818 727 688 868 601 159 903 624 628 814 577 356 509 96 785 706 1001 317 908 450 491 738 579 867 497 788 757 251 794 135 465 755 547 830 381 541 411 419 412 
294 188 251 488 -1 298 332 388 433 443 260 337 275 312 328 204 129 410 235 307 380 391 365 333 209 364 367 270 150 159 479 479 220 418 402 316 176 296 405 295 591 283 31 264 191 361 229 268 383 280 303 352 498 182 349 466 303 694 273 512 166 367 315 257 380 369 386 512 500 226 325 567 362 229 405 300 234 568 262 474 122 98 403 180 386 329 373 270 332 443 487 27 286 75 414 372 305 118 219 352 
121 382 144 533 298 -1 621 154 390 201 448 570 481 326 545 343 215 116 475 489 673 311 407 537 318 250 524 536 378 334 503 234 166 273 110 97 443 230 680 532 483 561 291 342 410 647 435 558 560 111 199 451 210 119 644 284 596 410 281 317 364 357 245 241 497 80 376 381 202 517 466 291 595 522 495 412 472 497 217 414 406 200 208 476 457 60 293 403 517 264 603 310 520 265 330 193 598 379 127 152 
626 287 582 535 332 621 -1 721 586 775 277 393 244 595 223 347 455 736 193 459 215 590 617 440 482 682 520 297 261 321 716 811 497 738 716 613 295 529 317 182 884 263 351 409 376 249 255 63 505 573 626 567 827 501 185 709 190 989 570 756 397 647 629 568 569 697 532 821 816 212 514 860 195 103 440 526 353 846 504 759 215 428 732 204 612 639 680 492 284 768 448 313 374 394 717 637 32 244 516 632 
95 515 143 688 388 154 721 -1 542 54 585 581 616 268 679 484 269 113 600 480 731 463 340 535 315 143 497 573 502 467 411 91 316 139 186 246 491 385 715 659 340 606 370 492 435 696 568 657 539 266 134 405 141 244 707 414 658 435 239 437 389 276 172 208 453 100 531 237 216 579 439 347 725 618 648 381 497 366 372 295 509 296 62 547 396 199 191 385 657 116 755 409 536 331 215 335 694 492 276 296 
501 311 501 170 433 390 586 542 -1 582 310 767 345 665 389 256 475 462 393 737 747 81 741 766 602 630 793 690 354 299 851 611 259 661 388 296 602 167 808 414 871 691 455 185 623 750 331 543 813 279 570 756 542 357 712 200 679 514 616 230 592 711 610 581 793 449 54 770 457 621 744 406 443 530 195 706 666 879 194 790 439 402 598 569 779 344 667 682 328 654 290 416 718 473 708 217 582 396 295 252 
148 568 195 732 443 201 775 54 582 -1 639 623 669 299 732 536 322 129 654 519 780 502 365 574 359 165 531 621 556 521 423 36 365 140 209 286 541 429 761 714 321 654 424 542 481 745 621 711 574 310 175 435 117 298 758 440 709 422 276 459 436 297 205 249 482 133 574 220 213 629 473 348 779 672 696 416 543 356 418 297 563 350 70 599 421 237 209 423 710 102 804 463 580 383 223 370 748 547 326 331 
503 74 474 274 260 448 277 585 310 639 -1 534 39 571 100 106 375 561 86 543 455 322 626 553 470 603 607 441 111 119 740 675 288 653 517 403 374 283 532 107 842 429 292 143 427 468 35 239 613 364 538 609 656 341 420 451 395 753 529 496 417 626 560 508 632 528 256 755 614 355 575 627 154 235 178 558 447 825 266 730 184 310 618 308 645 443 622 525 74 668 233 233 492 333 664 397 276 153 322 403 
498 483 450 800 337 570 393 581 767 623 534 -1 526 339 550 522 356 655 464 115 234 729 312 64 266 472 149 98 435 475 374 653 550 523 680 624 166 632 157 502 589 129 319 591 161 182 498 362 119 596 448 237 721 483 237 795 207 980 348 840 206 372 422 374 214 616 719 563 763 190 177 861 552 333 708 223 104 533 598 467 350 399 558 228 279 620 445 204 587 567 764 351 51 319 464 697 362 388 538 670 
532 101 500 296 275 481 244 616 345 669 39 526 -1 587 64 142 395 596 64 544 431 361 638 550 483 627 609 431 125 148 752 706 324 678 554 440 371 322 514 68 863 416 306 183 430 448 48 212 611 400 562 617 690 371 396 491 376 793 547 535 424 642 582 528 637 562 292 779 651 343 579 666 116 214 200 566 445 843 305 749 183 334 646 299 655 479 643 533 61 695 237 247 487 349 685 436 246 160 356 442 
213 497 182 767 312 326 595 268 665 299 571 339 587 -1 640 498 202 367 545 227 534 599 80 283 113 137 232 362 462 460 186 323 406 184 419 415 308 499 490 604 289 402 281 541 230 489 541 537 275 406 138 137 409 309 520 606 472 700 48 642 198 55 96 87 184 335 633 233 478 403 175 600 670 496 698 119 280 257 471 165 422 276 229 392 132 387 105 135 644 228 790 340 304 237 129 508 563 429 372 471 
593 164 560 314 328 545 223 679 389 732 100 550 64 640 -1 206 452 660 95 579 428 413 687 580 533 686 644 452 182 211 799 769 388 738 618 504 403 382 519 48 919 432 358 240 469 451 111 207 643 464 622 660 754 435 394 547 381 852 601 590 468 695 640 584 677 626 338 837 715 361 619 727 55 221 221 610 476 897 366 803 224 394 708 322 700 543 700 577 63 756 228 301 515 403 742 496 233 210 420 504 
406 60 380 284 204 343 347 484 256 536 106 522 142 498 206 -1 296 455 159 509 491 245 561 529 407 513 570 438 97 46 676 572 182 560 411 298 356 185 552 203 756 436 233 71 391 493 102 296 583 258 448 555 550 240 456 362 422 654 453 409 370 551 475 427 584 423 204 666 509 365 530 527 259 277 202 503 425 745 164 651 183 224 520 314 587 337 536 474 173 572 292 180 475 267 579 297 337 139 216 300 
174 300 127 566 129 215 455 269 475 322 375 356 395 202 452 296 -1 312 362 284 466 415 269 328 128 235 330 321 270 260 383 358 221 289 326 270 231 313 465 422 467 348 104 339 194 437 347 392 360 247 174 281 392 134 441 451 392 626 156 494 149 254 187 133 320 271 438 385 415 312 276 506 489 352 496 232 256 450 282 356 251 75 276 278 304 264 247 212 449 314 589 154 305 61 289 352 427 245 196 320 
159 497 205 619 410 116 736 113 462 129 561 655 596 367 660 455 312 -1 591 563 778 381 444 615 392 254 588 633 495 450 522 151 274 252 79 173 543 320 776 648 448 660 399 447 499 749 550 673 628 205 229 503 94 235 751 311 702 333 331 330 453 383 273 294 550 41 460 346 111 622 529 235 710 637 593 472 562 478 316 409 521 311 174 584 499 124 301 470 628 224 702 424 607 368 328 246 713 496 239 209 
511 101 475 358 235 475 193 600 393 654 86 464 64 545 95 159 362 591 -1 486 369 398 592 489 437 597 551 368 98 144 703 691 329 650 558 447 311 344 450 60 827 352 265 217 374 384 61 152 551 406 534 565 686 360 334 521 312 813 508 567 372 601 549 493 582 555 339 747 657 279 524 684 127 150 262 515 385 803 322 709 128 308 625 235 604 481 609 481 123 670 301 208 425 310 650 456 190 117 356 456 
403 482 357 793 307 489 459 480 737 519 543 115 544 227 579 509 284 563 486 -1 336 688 197 56 171 362 64 170 435 463 268 546 498 411 596 554 176 587 271 535 475 212 282 572 117 286 508 416 77 532 345 124 621 418 332 736 293 893 242 779 144 257 314 272 111 525 692 447 673 247 64 780 592 380 707 109 107 422 554 352 361 343 451 265 168 543 332 95 606 455 777 328 94 266 349 636 427 390 479 605 
638 436 588 728 380 673 215 731 747 780 455 234 431 534 428 491 466 778 369 336 -1 732 528 296 433 651 383 172 393 452 604 815 593 707 780 696 239 652 108 381 808 132 382 562 306 52 424 221 353 659 611 460 859 561 35 832 76 1074 527 880 347 577 597 539 445 737 694 767 875 155 400 947 408 220 631 433 253 757 621 682 312 474 723 199 505 708 635 405 482 746 656 376 242 409 663 745 196 356 598 729 
425 304 428 246 391 311 590 463 81 502 322 729 361 599 413 245 415 381 398 688 732 -1 676 721 544 555 741 658 340 281 784 530 195 584 307 216 566 101 783 429 794 663 410 181 577 729 336 541 765 202 496 697 461 290 698 138 661 454 550 178 543 642 538 513 736 368 93 692 378 596 690 339 468 522 250 648 625 804 134 717 420 346 519 545 717 264 594 626 357 576 354 379 678 422 634 137 582 376 226 171 
292 554 263 836 365 407 617 340 741 365 626 312 638 80 687 561 269 444 592 197 528 676 -1 250 155 200 181 357 515 520 115 385 482 236 498 495 323 575 469 648 279 398 334 608 242 480 594 564 226 486 215 79 479 385 519 686 475 775 127 722 224 69 171 167 121 413 707 252 554 414 135 678 713 524 762 95 278 231 546 154 464 345 294 413 55 467 157 126 697 282 851 393 287 294 161 588 585 478 449 551 
456 496 409 811 333 537 440 535 766 574 553 64 550 283 580 529 328 615 489 56 296 721 250 -1 223 418 86 142 448 482 310 602 535 467 646 599 179 621 221 533 526 180 311 595 143 244 517 403 65 574 400 173 676 460 296 776 262 944 297 821 181 312 370 326 150 577 719 502 725 230 115 829 587 370 722 165 105 469 588 404 368 381 507 258 215 590 388 151 611 512 786 351 66 302 405 677 408 402 519 648 
233 398 186 686 209 318 482 315 602 359 470 266 483 113 533 407 128 392 437 171 433 544 155 223 -1 218 207 265 359 365 270 390 349 273 425 389 199 442 403 495 402 302 178 458 126 392 438 424 241 370 184 153 455 260 415 576 367 721 93 617 88 167 164 109 192 353 564 341 502 294 150 609 560 383 609 104 185 369 410 278 311 200 296 280 180 374 204 86 542 313 696 237 221 140 237 476 450 323 323 442 
130 529 135 756 364 250 682 143 630 165 603 472 627 137 686 513 235 254 597 362 651 555 200 418 218 -1 369 484 503 485 268 187 378 56 319 348 416 464 618 657 245 521 338 540 345 611 578 621 412 353 65 271 279 285 633 532 585 579 126 562 304 133 54 114 318 230 608 152 360 509 312 489 724 579 701 256 402 249 442 164 485 293 94 488 256 308 47 268 678 95 802 390 433 292 79 443 652 481 338 403 
429 545 386 855 367 524 520 497 793 531 607 149 609 232 644 570 330 588 551 64 383 741 181 86 207 369 -1 225 498 524 225 556 549 412 629 597 241 640 305 599 447 265 340 632 180 331 572 479 44 577 363 101 639 465 383 782 347 921 258 824 201 248 326 294 66 552 750 432 700 307 59 813 656 444 769 116 170 388 607 329 425 395 461 328 137 581 332 121 670 458 841 389 147 320 341 682 488 454 527 649 
483 395 434 710 270 536 297 573 690 621 441 98 431 362 452 438 321 633 368 170 172 658 357 142 265 484 225 -1 347 392 438 653 490 538 646 576 95 565 143 405 636 41 260 509 139 127 405 264 207 544 448 291 707 436 162 736 122 946 358 782 184 405 430 374 282 592 640 595 736 92 232 823 453 235 617 262 82 587 531 510 260 348 560 132 336 580 465 233 491 579 669 278 78 272 491 641 266 301 484 618 
414 48 379 364 150 378 261 502 354 556 111 435 125 462 182 97 270 495 98 435 393 340 515 448 359 503 498 347 -1 60 629 593 238 555 464 356 271 270 455 157 737 342 181 168 318 395 79 205 506 315 439 497 588 262 358 451 324 729 421 498 305 517 457 403 521 458 301 654 564 269 464 600 223 182 273 446 342 717 243 623 87 211 528 218 533 387 518 414 182 574 343 122 390 224 560 376 247 46 261 371 
384 47 354 330 159 334 321 467 299 521 119 475 148 460 211 46 260 450 144 463 452 281 520 482 365 485 524 392 60 -1 635 557 184 534 413 302 309 209 508 198 725 392 189 116 345 451 100 265 537 262 420 512 544 223 417 390 381 671 416 437 325 514 443 393 540 415 248 637 512 321 485 542 260 243 246 460 378 711 183 616 140 192 499 269 545 337 505 430 193 549 330 135 428 225 547 316 307 96 212 313 
383 668 362 950 479 503 716 411 851 423 740 374 752 186 799 676 383 522 703 268 604 784 115 310 270 268 225 438 629 635 -1 435 592 283 585 595 421 685 530 759 233 479 448 723 342 553 708 666 264 590 304 149 540 495 600 786 560 845 235 820 332 145 258 271 159 497 819 251 628 507 205 758 822 627 877 191 366 167 657 140 575 459 355 513 103 563 220 225 811 326 966 507 362 409 200 690 684 591 558 652 
185 605 231 763 479 234 811 91 611 36 675 653 706 323 769 572 358 151 691 546 815 530 385 602 390 187 556 653 593 557 435 -1 400 153 230 316 575 461 793 750 312 687 460 576 514 778 658 748 599 342 206 458 113 334 792 462 743 417 305 477 469 317 232 280 505 162 604 216 219 664 499 354 815 708 729 442 575 354 451 303 600 387 95 635 441 267 228 451 746 109 838 500 611 420 236 396 784 584 360 358 
253 229 245 379 220 166 497 316 259 365 288 550 324 406 388 182 221 274 329 498 593 195 482 535 349 378 549 490 238 184 592 400 -1 415 229 118 395 93 626 381 623 503 231 176 393 580 280 438 575 77 315 502 368 97 561 245 517 492 357 292 354 451 352 321 542 244 231 524 328 444 496 363 440 408 331 453 446 624 65 533 291 155 362 395 522 154 411 433 354 417 439 217 498 233 453 152 480 254 40 136 
162 578 179 794 418 273 738 139 661 140 653 523 678 184 738 560 289 252 650 411 707 584 236 467 273 56 412 538 555 534 283 153 415 -1 325 371 472 497 671 710 210 576 393 583 400 666 629 677 456 381 115 312 257 326 689 548 641 563 180 574 360 166 110 171 357 237 643 109 350 565 358 484 777 635 743 303 457 228 477 158 540 344 77 545 290 327 79 318 727 46 846 444 485 347 83 464 708 534 375 424 
206 459 243 549 402 110 716 186 388 209 517 680 554 419 618 411 326 79 558 596 780 307 498 646 425 319 629 646 464 413 585 230 229 325 -1 114 553 257 790 611 526 670 398 393 520 756 510 655 666 153 283 550 154 220 751 231 704 300 378 251 474 442 329 339 597 89 390 423 99 625 570 183 670 621 530 514 582 553 259 480 503 306 249 582 552 77 366 508 581 301 640 411 630 374 397 170 695 472 202 137 
218 347 233 447 316 97 613 246 296 286 403 624 440 415 504 298 270 173 447 554 696 216 495 599 389 348 597 576 356 302 595 316 118 371 114 -1 481 147 717 499 581 595 318 278 462 677 398 553 629 40 294 532 263 140 664 191 619 380 367 228 419 450 339 328 577 154 288 478 211 542 540 252 557 521 420 489 521 595 145 511 403 228 303 496 543 49 390 475 466 360 529 320 572 305 427 95 594 369 99 56 
399 319 349 635 176 443 295 491 602 541 374 166 371 308 403 356 231 543 311 176 239 566 323 179 199 416 241 95 271 309 421 575 395 472 553 481 -1 472 236 358 595 117 164 425 81 206 338 245 240 449 372 273 621 341 218 641 169 852 293 687 111 358 361 302 280 502 553 541 645 94 223 728 415 207 544 231 73 553 438 468 189 253 484 91 317 485 404 197 433 509 607 187 119 179 436 546 262 224 389 522 
335 244 333 302 296 230 529 385 167 429 283 632 322 499 382 185 313 320 344 587 652 101 575 621 442 464 640 565 270 209 685 461 93 497 257 147 472 -1 695 387 706 574 312 143 478 644 287 475 664 119 402 595 409 190 618 181 578 470 450 228 442 543 442 414 634 299 146 606 345 509 588 344 437 451 273 546 528 712 33 622 341 245 437 459 616 195 500 525 336 493 383 287 581 321 541 113 517 299 127 126 
626 501 576 807 405 680 317 715 808 761 532 157 514 490 519 552 465 776 450 271 108 783 469 221 403 618 305 143 455 508 530 793 626 671 790 717 236 695 -1 471 747 122 399 623 280 68 499 312 268 684 587 394 850 578 132 870 138 1089 492 917 326 526 566 512 371 736 755 717 880 187 335 965 505 300 710 378 218 691 662 624 368 489 699 239 437 722 595 355 569 713 745 409 185 415 617 778 294 412 623 757 
571 152 536 353 295 532 182 659 414 714 107 502 68 604 48 203 422 648 60 535 381 429 648 533 495 657 599 405 157 198 759 750 381 710 611 499 358 387 471 -1 887 384 325 250 426 403 101 160 597 458 594 618 742 418 347 558 333 858 568 603 427 659 610 553 634 612 361 807 710 313 576 730 66 173 258 570 430 862 368 769 184 368 685 275 659 535 669 536 102 731 274 268 468 370 710 500 188 177 410 504 
370 767 380 1002 591 483 884 340 871 321 842 589 863 289 919 756 467 448 827 475 808 794 279 526 402 245 447 636 737 725 233 312 623 210 526 581 595 706 747 887 -1 677 562 785 514 760 815 827 489 591 310 352 425 530 798 754 753 724 319 777 487 237 282 334 380 441 852 103 531 688 412 666 953 786 946 374 556 69 686 126 707 533 279 681 310 536 220 404 916 224 1047 618 567 516 178 673 852 710 583 633 
514 389 464 702 283 561 263 606 691 654 429 129 416 402 432 436 348 660 352 212 132 663 398 180 302 521 265 41 342 392 479 687 503 576 670 595 117 574 122 384 677 -1 277 507 175 90 394 235 244 561 482 332 738 456 121 748 81 968 395 795 218 445 467 410 323 619 640 635 762 73 274 844 428 211 607 303 121 628 541 551 254 368 595 123 378 601 503 274 475 615 652 287 118 295 531 655 233 297 501 634 
275 219 230 516 31 291 351 370 455 424 292 319 306 281 358 233 104 399 265 282 382 410 334 311 178 338 340 260 181 189 448 460 231 393 398 318 164 312 399 325 562 277 -1 291 167 359 260 288 358 285 278 322 485 180 353 477 305 693 243 523 139 336 287 229 351 358 410 485 493 226 297 568 391 248 435 270 215 538 278 444 147 92 381 185 356 326 345 240 363 419 518 58 268 46 386 381 323 148 224 358 
423 127 405 227 264 342 409 492 185 542 143 591 183 541 240 71 339 447 217 572 562 181 608 595 458 540 632 509 168 116 723 576 176 583 393 278 425 143 623 250 785 507 291 -1 455 564 155 362 647 242 475 610 540 257 526 308 493 612 494 353 430 592 506 464 642 419 132 691 486 436 588 486 296 346 160 558 492 780 134 686 254 264 535 385 639 323 568 530 192 589 264 243 542 319 611 256 402 211 216 268 
346 364 297 675 191 410 376 435 623 481 427 161 430 230 469 391 194 499 374 117 306 577 242 143 126 345 180 139 318 345 342 514 393 400 520 462 81 478 280 426 514 175 167 455 -1 266 392 324 192 435 308 195 571 322 290 636 242 820 220 680 46 278 291 235 208 459 577 463 606 173 150 701 486 285 589 150 62 472 445 388 247 239 420 171 238 458 329 116 492 440 661 211 110 160 358 537 343 274 378 509 
605 440 555 742 361 647 249 696 750 745 468 182 448 489 451 493 437 749 384 286 52 729 480 244 392 611 331 127 395 451 553 778 580 666 756 677 206 644 68 403 760 90 359 564 266 -1 435 243 301 642 573 410 828 540 66 822 72 1053 485 869 309 531 557 500 394 708 697 722 850 135 350 928 436 234 646 386 209 708 612 635 310 451 686 185 455 686 592 358 502 706 678 362 193 382 618 732 226 354 581 713 
483 53 451 308 229 435 255 568 331 621 35 498 48 541 111 102 347 550 61 508 424 336 594 517 438 578 572 405 79 100 708 658 280 629 510 398 338 287 499 101 815 394 260 155 392 435 -1 212 577 357 514 575 644 324 389 461 363 757 500 507 383 596 534 480 597 515 277 730 609 320 540 629 160 204 212 524 411 796 266 702 149 285 598 273 612 435 595 492 103 646 268 201 456 303 637 399 250 119 311 402 
563 236 519 508 268 558 63 657 543 711 239 362 212 537 207 296 392 673 152 416 221 541 564 403 424 621 479 264 205 265 666 748 438 677 655 553 245 475 312 160 827 235 288 362 324 243 212 -1 468 513 564 518 764 439 186 656 175 930 511 703 341 591 568 507 524 634 489 761 755 173 468 801 194 41 412 475 309 791 448 703 152 364 669 153 563 578 621 441 261 706 435 250 336 332 658 580 41 183 455 573 
468 554 424 867 383 560 505 539 813 574 613 119 611 275 643 583 360 628 551 77 353 765 226 65 241 412 44 207 506 537 264 599 575 456 666 629 240 664 268 597 489 244 358 647 192 301 577 468 -1 607 405 146 681 494 356 812 324 960 300 854 221 293 369 334 109 591 769 477 739 295 100 850 651 435 779 158 166 429 631 373 429 420 505 322 181 616 377 158 673 502 846 403 131 343 386 712 473 461 555 680 
222 307 229 422 280 111 573 266 279 310 364 596 400 406 464 258 247 205 406 532 659 202 486 574 370 353 577 544 315 262 590 342 77 381 153 40 449 119 684 458 591 561 285 242 435 642 357 513 607 -1 295 518 297 113 627 205 583 419 358 247 393 445 338 319 561 180 265 490 251 506 521 290 517 481 388 473 492 602 110 515 364 197 319 459 532 81 392 456 427 375 498 282 544 276 432 105 554 329 61 74 
79 463 70 692 303 199 626 134 570 175 538 448 562 138 622 448 174 229 534 345 611 496 215 400 184 65 363 448 439 420 304 206 315 115 283 294 372 402 587 594 310 482 278 475 308 573 514 564 405 295 -1 274 276 220 590 483 541 562 104 516 264 159 45 74 321 198 546 217 340 463 304 462 661 523 635 246 369 309 379 220 425 228 112 438 269 259 97 250 612 141 737 328 405 233 138 390 597 419 276 351 
345 540 308 837 352 451 567 405 756 435 609 237 617 137 660 555 281 503 565 124 460 697 79 173 153 271 101 291 497 512 149 458 502 312 550 532 273 595 394 618 352 332 322 610 195 410 575 518 146 518 274 -1 546 410 454 722 412 836 172 761 192 147 233 211 47 469 718 331 614 358 60 733 680 480 757 51 217 298 564 230 436 354 365 365 45 510 232 83 677 358 839 378 217 290 240 623 535 456 474 587 
224 591 273 704 498 210 827 141 542 117 656 721 690 409 754 550 392 94 686 621 859 461 479 676 455 279 639 707 588 544 540 113 368 257 154 263 621 409 850 742 425 738 485 540 571 828 644 764 681 297 276 546 -1 328 833 373 784 306 381 381 524 412 313 349 594 131 544 329 109 704 580 242 804 727 682 523 633 467 407 413 612 400 186 668 535 216 325 527 723 217 792 514 675 451 340 324 803 588 334 291 
167 270 150 472 182 119 501 244 357 298 341 483 371 309 435 240 134 235 360 418 561 290 385 460 260 285 465 436 262 223 495 334 97 326 220 140 341 190 578 418 530 456 180 257 322 540 324 439 494 113 220 410 328 -1 531 317 485 513 260 360 279 354 256 224 451 197 328 434 318 406 409 388 482 403 417 363 381 529 162 437 286 88 280 362 428 146 316 345 413 333 520 192 432 164 358 217 479 260 64 187 
614 400 564 693 349 644 185 707 712 758 420 237 396 520 394 456 441 751 334 332 35 698 519 296 415 633 383 162 358 417 600 792 561 689 751 664 218 618 132 347 798 121 353 526 290 66 389 186 356 627 590 454 833 531 -1 798 49 1044 509 846 328 565 579 520 442 710 658 753 847 129 395 917 376 184 596 424 242 750 587 672 278 445 703 169 499 678 619 394 448 727 622 345 238 383 648 712 164 321 566 697 
405 422 424 371 466 284 709 414 200 440 451 795 491 606 547 362 451 311 521 736 832 138 686 776 576 532 782 736 451 390 786 462 245 548 231 191 641 181 870 558 754 748 477 308 636 822 461 656 812 205 483 722 373 317 798 -1 757 317 558 47 595 640 528 519 765 313 229 651 274 686 726 206 602 632 387 677 691 776 211 696 521 396 475 636 734 224 577 662 492 530 488 460 743 475 612 99 697 480 257 135 
564 369 515 670 303 596 190 658 679 709 395 207 376 472 381 422 392 702 312 293 76 661 475 262 367 585 347 122 324 381 560 743 517 641 704 619 169 578 138 333 753 81 305 493 242 72 363 175 324 583 541 412 784 485 49 757 -1 998 461 805 280 519 530 471 404 661 626 706 799 80 354 871 369 162 573 380 197 706 546 627 241 397 653 123 458 631 571 349 431 678 607 300 199 334 601 669 163 284 521 653 
492 711 536 683 694 410 989 435 514 422 753 980 793 700 852 654 626 333 813 893 1074 454 775 944 721 579 921 946 729 671 845 417 492 563 300 380 852 470 1089 858 724 968 693 612 820 1053 757 930 960 419 562 836 306 513 1044 317 998 -1 664 285 774 712 604 627 884 368 546 632 222 920 862 129 907 900 704 805 882 771 490 719 783 601 489 875 831 367 626 802 802 524 805 699 930 673 645 357 972 747 479 357 
173 455 137 720 273 281 570 239 616 276 529 348 547 48 601 453 156 331 508 242 527 550 127 297 93 126 258 358 421 416 235 305 357 180 378 367 293 450 492 568 319 395 243 494 220 485 500 511 300 358 104 172 381 260 509 558 461 664 -1 595 181 98 73 39 220 297 585 250 442 387 199 560 634 469 651 142 276 295 422 201 387 230 209 371 176 341 111 147 603 221 745 300 308 198 146 461 539 391 323 423 
437 469 459 398 512 317 756 437 230 459 496 840 535 642 590 409 494 330 567 779 880 178 722 821 617 562 824 782 498 437 820 477 292 574 251 228 687 228 917 603 777 795 523 353 680 869 507 703 854 247 516 761 381 360 846 47 805 285 595 -1 639 674 561 556 805 337 265 674 276 734 767 186 645 680 422 718 736 802 259 725 569 441 499 684 771 256 607 703 535 552 520 508 788 520 641 143 745 528 302 174 
300 350 250 654 166 364 397 389 592 436 417 206 424 198 468 370 149 453 372 144 347 543 224 181 88 304 201 184 305 325 332 469 354 360 474 419 111 442 326 427 487 218 139 430 46 309 383 341 221 393 264 192 524 279 328 595 280 774 181 639 -1 250 250 192 215 412 548 429 559 206 159 655 490 301 571 142 109 449 409 361 244 200 377 193 231 413 292 109 485 398 649 190 156 121 324 496 365 264 337 467 
238 552 216 818 367 357 647 276 711 297 626 372 642 55 695 551 254 383 601 257 577 642 69 312 167 133 248 405 517 514 145 317 451 166 442 450 358 543 526 659 237 445 336 592 278 531 596 591 293 445 159 147 412 354 565 640 519 712 98 674 250 -1 113 130 190 355 681 191 491 451 198 618 725 549 750 148 323 202 516 111 477 328 227 444 124 418 88 172 699 213 844 395 341 292 93 545 615 484 416 506 
125 485 109 727 315 245 629 172 610 205 560 422 582 96 640 475 187 273 549 314 597 538 171 370 164 54 326 430 457 443 258 232 352 110 329 339 361 442 566 610 282 467 287 506 291 557 534 568 369 338 45 233 313 256 579 528 530 604 73 561 250 113 -1 60 281 243 584 197 383 455 268 507 677 526 667 211 349 273 417 181 435 251 136 434 226 305 61 219 635 148 766 341 381 241 104 434 598 433 314 395 
135 433 97 688 257 241 568 208 581 249 508 374 528 87 584 427 133 294 493 272 539 513 167 326 109 114 294 374 403 393 271 280 321 171 339 328 302 414 512 553 334 410 229 464 235 500 480 507 334 319 74 211 349 224 520 519 471 627 39 556 192 130 60 -1 258 259 551 256 406 395 234 522 620 466 623 177 294 318 386 223 376 202 186 373 216 301 116 177 582 206 719 284 330 183 157 421 537 376 286 384 
393 565 355 868 380 497 569 453 793 482 632 214 637 184 677 584 320 550 582 111 445 736 121 150 192 318 66 282 521 540 159 505 542 357 597 577 280 634 371 634 380 323 351 642 208 394 597 524 109 561 321 47 594 451 442 765 404 884 220 805 215 190 281 258 -1 517 754 369 662 357 57 780 694 487 786 88 216 321 603 264 454 391 412 371 71 556 278 111 698 403 864 405 204 323 282 666 537 478 515 631 
124 462 167 601 369 80 697 100 449 133 528 616 562 335 626 423 271 41 555 525 737 368 413 577 353 230 552 592 458 415 497 162 244 237 89 154 502 299 736 612 441 619 358 419 459 708 515 634 591 180 198 469 131 197 710 313 661 368 297 337 412 355 243 259 517 -1 442 338 148 581 493 264 675 597 569 437 522 465 291 391 481 271 162 543 468 104 278 433 596 216 678 384 567 327 308 237 673 457 207 198 
481 258 476 159 386 376 532 531 54 574 256 719 292 633 338 204 438 460 339 692 694 93 707 719 564 608 750 640 301 248 819 604 231 643 390 288 553 146 755 361 852 640 410 132 577 697 277 489 769 265 546 718 544 328 658 229 626 546 585 265 548 681 584 551 754 442 -1 752 467 569 703 432 392 476 157 667 619 856 166 765 387 364 583 517 743 337 643 642 278 640 261 368 670 431 684 223 528 343 269 253 
271 681 285 903 512 381 821 237 770 220 755 563 779 233 837 666 385 346 747 447 767 692 252 502 341 152 432 595 654 637 251 216 524 109 423 478 541 606 717 807 103 635 485 691 463 722 730 761 477 490 217 331 329 434 753 651 706 632 250 674 429 191 197 256 369 338 752 -1 433 635 387 568 874 719 851 339 513 138 586 111 632 445 176 621 297 433 140 363 830 121 954 539 532 439 104 570 790 630 484 530 
271 558 315 624 500 202 816 216 457 213 614 763 651 478 715 509 415 111 657 673 875 378 554 725 502 360 700 736 564 512 628 219 328 350 99 211 645 345 880 710 531 762 493 486 606 850 609 755 739 251 340 614 109 318 847 274 799 222 442 276 559 491 383 406 662 148 467 433 -1 720 640 135 768 720 615 583 668 569 352 508 602 402 273 678 609 177 408 581 676 315 724 510 714 467 430 244 795 572 302 220 
485 316 436 628 226 517 212 579 621 629 355 190 343 403 361 365 312 622 279 247 155 596 414 230 294 509 307 92 269 321 507 664 444 565 625 542 94 509 187 313 688 73 226 436 173 135 320 173 295 506 463 358 704 406 129 686 80 920 387 734 206 451 455 395 357 581 569 635 720 -1 303 793 361 143 533 320 141 645 477 562 182 318 575 51 403 553 498 287 402 602 580 226 163 254 530 596 180 225 445 578 
369 509 327 814 325 466 514 439 744 473 575 177 579 175 619 530 276 529 524 64 400 690 135 115 150 312 59 232 464 485 205 499 496 358 570 540 223 588 335 576 412 274 297 588 150 350 540 468 100 521 304 60 580 409 395 726 354 862 199 767 159 198 268 234 57 493 703 387 640 303 -1 753 636 430 731 57 161 358 556 289 396 343 404 314 104 523 278 64 641 403 807 350 157 271 291 626 482 421 472 593 
387 583 426 577 567 291 860 347 406 348 627 861 666 600 727 527 506 235 684 780 947 339 678 829 609 489 813 823 600 542 758 354 363 484 183 252 728 344 965 730 666 844 568 486 701 928 629 801 850 290 462 733 242 388 917 206 871 129 560 186 655 618 507 522 780 264 432 568 135 793 753 -1 782 771 588 698 762 704 362 642 654 476 407 748 732 243 537 692 678 450 693 572 811 550 562 230 843 618 351 228 
637 213 602 356 362 595 195 725 443 779 154 552 116 670 55 259 489 710 127 592 408 468 713 587 560 724 656 453 223 260 822 815 440 777 670 557 415 437 505 66 953 428 391 296 486 436 160 194 651 517 661 680 804 482 376 602 369 907 634 645 490 725 677 620 694 675 392 874 768 361 636 782 -1 218 267 632 486 928 421 835 248 435 751 329 722 595 736 598 114 798 256 335 521 437 777 551 211 243 471 558 
523 219 478 509 229 522 103 618 530 672 235 333 214 496 221 277 352 637 150 380 220 522 524 370 383 579 444 235 182 243 627 708 408 635 621 521 207 451 300 173 786 211 248 346 285 234 204 41 435 481 523 480 727 403 184 632 162 900 469 680 301 549 526 466 487 597 476 719 720 143 430 771 218 -1 412 435 273 750 422 661 118 326 628 115 523 544 579 401 269 665 446 212 304 291 616 553 76 154 422 544 
582 225 566 96 405 495 440 648 195 696 178 708 200 698 221 202 496 593 262 707 631 250 762 722 609 701 769 617 273 246 877 729 331 743 530 420 544 273 710 258 946 607 435 160 589 646 212 412 779 388 635 757 682 417 596 387 573 704 651 422 571 750 667 623 786 569 157 851 615 533 731 588 267 412 -1 706 616 940 278 846 357 421 693 485 790 468 728 676 157 748 109 381 664 469 771 372 445 320 372 395 
313 488 271 785 300 412 526 381 706 416 558 223 566 119 610 503 232 472 515 109 433 648 95 165 104 256 116 262 446 460 191 442 453 303 514 489 231 546 378 570 374 303 270 558 150 386 524 475 158 473 246 51 523 363 424 677 380 805 142 718 142 148 211 177 88 437 667 339 583 320 57 698 632 435 706 -1 182 326 515 248 386 304 347 322 89 470 223 34 626 348 788 327 194 238 240 578 494 406 427 543 
409 390 360 706 234 472 353 497 666 543 447 104 445 280 476 425 256 562 385 107 253 625 278 105 185 402 170 82 342 378 366 575 446 457 582 521 73 528 218 430 556 121 215 492 62 209 411 309 166 492 369 217 633 381 242 691 197 882 276 736 109 323 349 294 216 522 619 513 668 141 161 762 486 273 616 182 -1 509 494 430 262 295 481 158 262 519 383 152 506 497 680 250 52 216 409 593 321 296 434 567 
379 750 379 1001 568 497 846 366 879 356 825 533 843 257 897 745 450 478 803 422 757 804 231 469 369 249 388 587 717 711 167 354 624 228 553 595 553 712 691 862 69 628 538 780 472 708 796 791 429 602 309 298 467 529 750 776 706 771 295 802 449 202 273 318 321 465 856 138 569 645 358 704 928 750 940 326 509 -1 689 94 679 520 304 642 254 554 213 357 899 254 1037 596 515 493 171 690 814 686 586 650 
315 221 309 317 262 217 504 372 194 418 266 598 305 471 366 164 282 316 322 554 621 134 546 588 410 442 607 531 243 183 657 451 65 477 259 145 438 33 662 368 686 541 278 134 445 612 266 448 631 110 379 564 407 162 587 211 546 490 422 259 409 516 417 386 603 291 166 586 352 477 556 362 421 422 278 515 494 689 -1 598 310 212 421 426 585 191 476 493 324 477 387 253 547 288 518 134 489 269 103 137 
293 656 289 908 474 414 759 295 790 297 730 467 749 165 803 651 356 409 709 352 682 717 154 404 278 164 329 510 623 616 140 303 533 158 480 511 468 622 624 769 126 551 444 686 388 635 702 703 373 515 220 230 413 437 672 696 627 719 201 725 361 111 181 223 264 391 765 111 508 562 289 642 835 661 846 248 430 94 598 -1 587 426 235 555 192 472 122 277 804 195 943 502 442 399 84 607 727 593 495 567 
416 135 374 450 122 406 215 509 439 563 184 350 183 422 224 183 251 521 128 361 312 420 464 368 311 485 425 260 87 140 575 600 291 540 503 403 189 341 368 184 707 254 147 254 247 310 149 152 429 364 425 436 612 286 278 521 241 783 387 569 244 477 435 376 454 481 387 632 602 182 396 654 248 118 357 386 262 679 310 587 -1 213 525 131 476 426 492 353 245 566 417 100 307 193 532 439 192 43 304 428 
204 235 167 491 98 200 428 296 402 350 310 399 334 276 394 224 75 311 308 343 474 346 345 381 200 293 395 348 211 192 459 387 155 344 306 228 253 245 489 368 533 368 92 264 239 451 285 364 420 197 228 354 400 88 445 396 397 601 230 441 200 328 251 202 391 271 364 445 402 318 343 476 435 326 421 304 295 520 212 426 213 -1 317 276 379 234 313 280 384 362 517 114 347 79 355 297 402 197 138 271 
115 546 151 738 403 208 732 62 598 70 618 558 646 229 708 520 276 174 625 451 723 519 294 507 296 94 461 560 528 499 355 95 362 77 249 303 484 437 699 685 279 595 381 535 420 686 598 669 505 319 112 365 186 280 703 475 653 489 209 499 377 227 136 186 412 162 583 176 273 575 404 407 751 628 693 347 481 304 421 235 525 317 -1 548 350 257 139 356 692 56 799 425 516 337 156 394 703 513 321 355 
452 266 404 579 180 476 204 547 569 599 308 228 299 392 322 314 278 584 235 265 199 545 413 258 280 488 328 132 218 269 513 635 395 545 582 496 91 459 239 275 681 123 185 385 171 185 273 153 322 459 438 365 668 362 169 636 123 875 371 684 193 444 434 373 371 543 517 621 678 51 314 748 329 115 485 322 158 642 426 555 131 276 548 -1 409 509 482 288 359 579 536 177 192 217 517 547 172 174 398 530 
345 575 313 867 386 457 612 396 779 421 645 279 655 132 700 587 304 499 604 168 505 717 55 215 180 256 137 336 533 545 103 441 522 290 552 543 317 616 437 659 310 378 356 639 238 455 612 563 181 532 269 45 535 428 499 734 458 831 176 771 231 124 226 216 71 468 743 297 609 403 104 732 722 523 790 89 262 254 585 192 476 379 350 409 -1 517 213 123 715 337 874 413 262 320 213 635 580 494 492 599 
181 383 204 497 329 60 639 199 344 237 443 620 479 387 543 337 264 124 481 543 708 264 467 590 374 308 581 580 387 337 563 267 154 327 77 49 485 195 722 535 536 601 326 323 458 686 435 578 616 81 259 510 216 146 678 224 631 367 341 256 413 418 305 301 556 104 337 433 177 553 523 243 595 544 468 470 519 554 191 472 426 234 257 509 517 -1 352 459 508 314 577 336 569 307 388 137 619 395 125 97 
172 547 167 788 373 293 680 191 667 209 622 445 643 105 700 536 247 301 609 332 635 594 157 388 204 47 332 465 518 505 220 228 411 79 366 390 404 500 595 669 220 503 345 568 329 592 595 621 377 392 97 232 325 316 619 577 571 626 111 607 292 88 61 116 278 278 643 140 408 498 278 537 736 579 728 223 383 213 476 122 492 313 139 482 213 352 -1 240 696 125 828 400 409 299 42 485 650 492 373 446 
310 457 266 757 270 403 492 385 682 423 525 204 533 135 577 474 212 470 481 95 405 626 126 151 86 268 121 233 414 430 225 451 433 318 508 475 197 525 355 536 404 274 240 530 116 358 492 441 158 456 250 83 527 345 394 662 349 802 147 703 109 172 219 177 111 433 642 363 581 287 64 692 598 401 676 34 152 357 493 277 353 280 356 288 123 459 240 -1 594 362 756 296 169 211 261 562 460 373 408 528 
576 149 548 251 332 517 284 657 328 710 74 587 61 644 63 173 449 628 123 606 482 357 697 611 542 678 670 491 182 193 811 746 354 727 581 466 433 336 569 102 916 475 363 192 492 502 103 261 673 427 612 677 723 413 448 492 431 802 603 535 485 699 635 582 698 596 278 830 676 402 641 678 114 269 157 626 506 899 324 804 245 384 692 359 715 508 696 594 -1 742 177 305 548 406 738 449 291 220 389 460 
166 594 195 794 443 264 768 116 654 102 668 567 695 228 756 572 314 224 670 455 746 576 282 512 313 95 458 579 574 549 326 109 417 46 301 360 509 493 713 731 224 615 419 589 440 706 646 706 502 375 141 358 217 333 727 530 678 524 221 552 398 213 148 206 403 216 640 121 315 602 403 450 798 665 748 348 497 254 477 195 566 362 56 579 337 314 125 362 742 -1 853 467 528 374 127 451 739 557 376 411 
687 299 668 135 487 603 448 755 290 804 233 764 237 790 228 292 589 702 301 777 656 354 851 786 696 802 841 669 343 330 966 838 439 846 640 529 607 383 745 274 1047 652 518 264 661 678 268 435 846 498 737 839 792 520 622 488 607 805 745 520 649 844 766 719 864 678 261 954 724 580 807 693 256 446 109 788 680 1037 387 943 417 517 799 536 874 577 828 756 177 853 -1 461 724 556 870 480 461 387 479 505 
315 162 274 465 27 310 313 409 416 463 233 351 247 340 301 180 154 424 208 328 376 379 393 351 237 390 389 278 122 135 507 500 217 444 411 320 187 287 409 268 618 287 58 243 211 362 201 250 403 282 328 378 514 192 345 460 300 699 300 508 190 395 341 284 405 384 368 539 510 226 350 572 335 212 381 327 250 596 253 502 100 114 425 177 413 336 400 296 305 467 461 -1 301 102 441 369 289 91 221 352 
451 438 402 755 286 520 374 536 718 580 492 51 487 304 515 475 305 607 425 94 242 678 287 66 221 433 147 78 390 428 362 611 498 485 630 572 119 581 185 468 567 118 268 542 110 193 456 336 131 544 405 217 675 432 238 743 199 930 308 788 156 341 381 330 204 567 670 532 714 163 157 811 521 304 664 194 52 515 547 442 307 347 516 192 262 569 409 169 548 528 724 301 -1 268 431 645 342 343 486 618 
235 260 189 547 75 265 394 331 473 383 333 319 349 237 403 267 61 368 310 266 409 422 294 302 140 292 320 272 224 225 409 420 233 347 374 305 179 321 415 370 516 295 46 319 160 382 303 332 343 276 233 290 451 164 383 475 334 673 198 520 121 292 241 183 323 327 431 439 467 254 271 550 437 291 469 238 216 493 288 399 193 79 337 217 320 307 299 211 406 374 556 102 268 -1 340 377 365 193 218 350 
210 589 208 830 414 330 717 215 708 223 664 464 685 129 742 579 289 328 650 349 663 634 161 405 237 79 341 491 560 547 200 236 453 83 397 427 436 541 617 710 178 531 386 611 358 618 637 658 386 432 138 240 340 358 648 612 601 645 146 641 324 93 104 157 282 308 684 104 430 530 291 562 777 616 771 240 409 171 518 84 532 355 156 517 213 388 42 261 738 127 870 441 431 340 -1 523 686 533 414 483 
313 355 328 381 372 193 637 335 217 370 397 697 436 508 496 297 352 246 456 636 745 137 588 677 476 443 682 641 376 316 690 396 152 464 170 95 546 113 778 500 673 655 381 256 537 732 399 580 712 105 390 623 324 217 712 99 669 357 461 143 496 545 434 421 666 237 223 570 244 596 626 230 551 553 372 578 593 690 134 607 439 297 394 547 635 137 485 562 449 451 480 369 645 377 523 -1 622 399 158 40 
599 277 554 541 305 598 32 694 582 748 276 362 246 563 233 337 427 713 190 427 196 582 585 408 450 652 488 266 247 307 684 784 480 708 695 594 262 517 294 188 852 233 323 402 343 226 250 41 473 554 597 535 803 479 164 697 163 972 539 745 365 615 598 537 537 673 528 790 795 180 482 843 211 76 445 494 321 814 489 727 192 402 703 172 580 619 650 460 291 739 461 289 342 365 686 622 -1 225 496 615 
401 94 362 411 118 379 244 492 396 547 153 388 160 429 210 139 245 496 117 390 356 376 478 402 323 481 454 301 46 96 591 584 254 534 472 369 224 299 412 177 710 297 148 211 274 354 119 183 461 329 419 456 588 260 321 480 284 747 391 528 264 484 433 376 478 457 343 630 572 225 421 618 243 154 320 406 296 686 269 593 43 197 513 174 494 395 492 373 220 557 387 91 343 193 533 399 225 -1 271 390 
213 258 206 419 219 127 516 276 295 326 322 538 356 372 420 216 196 239 356 479 598 226 449 519 323 338 527 484 261 212 558 360 40 375 202 99 389 127 623 410 583 501 224 216 378 581 311 455 555 61 276 474 334 64 566 257 521 479 323 302 337 416 314 286 515 207 269 484 302 445 472 351 471 422 372 427 434 586 103 495 304 138 321 398 492 125 373 408 389 376 479 221 486 218 414 158 496 271 -1 133 
273 355 289 412 352 152 632 296 252 331 403 670 442 471 504 300 320 209 456 605 729 171 551 648 442 403 649 618 371 313 652 358 136 424 137 56 522 126 757 504 633 634 358 268 509 713 402 573 680 74 351 587 291 187 697 135 653 357 423 174 467 506 395 384 631 198 253 530 220 578 593 228 558 544 395 543 567 650 137 567 428 271 355 530 599 97 446 528 460 411 505 352 618 350 483 40 615 390 133 -1 
