100
-1 200 539 527 269 337 512 815 477 355 381 406 282 418 523 529 480 396 326 77 115 232 728 631 616 554 429 101 466 402 52 568 112 198 133 681 223 274 490 518 284 595 159 375 465 559 380 143 515 154 593 252 432 422 185 530 314 198 323 482 59 627 347 43 616 223 432 184 457 347 724 425 441 464 489 303 558 459 565 614 234 614 454 596 523 455 411 405 281 286 290 429 405 435 223 632 255 233 282 178 
200 -1 711 720 439 388 698 974 511 521 269 590 390 582 706 654 671 324 515 126 231 232 871 790 797 708 606 167 649 602 250 766 299 357 330 840 345 299 679 718 389 793 250 569 666 750 531 311 706 54 779 450 542 623 331 704 508 354 290 542 185 815 501 176 794 296 457 310 655 366 879 624 613 395 682 355 758 592 684 813 43 808 525 550 719 655 594 501 455 414 475 586 385 626 161 770 455 102 267 362 
539 711 -1 497 554 442 105 282 475 190 718 526 357 615 77 213 149 925 479 593 480 753 237 111 635 93 567 543 548 358 513 456 514 354 415 153 642 500 519 397 695 248 470 444 323 531 643 552 148 681 124 422 276 324 596 624 440 579 844 412 592 593 216 544 92 450 491 626 233 500 202 393 598 685 172 768 408 197 238 293 727 526 382 704 210 363 141 322 258 659 254 647 576 480 615 191 336 680 800 362 
527 720 497 -1 300 718 393 722 828 475 890 146 609 219 421 669 347 744 206 604 576 601 728 602 139 583 158 611 106 168 475 77 420 503 428 629 427 712 56 104 435 306 604 152 174 38 284 413 353 668 425 278 658 185 411 146 213 384 661 789 535 112 517 565 493 640 812 445 265 763 677 128 180 935 325 529 116 613 705 279 759 88 752 1027 296 138 399 676 448 387 398 246 844 94 736 687 322 760 626 443 
269 439 554 300 -1 558 479 831 692 426 650 156 467 149 502 641 432 451 105 338 357 301 785 664 358 610 168 368 213 248 220 362 158 348 233 708 129 518 250 334 155 489 397 170 321 322 120 129 459 385 549 132 579 286 112 265 129 86 366 676 255 381 447 311 598 452 658 145 366 585 757 245 174 727 425 246 372 570 681 488 480 387 641 848 434 289 414 574 359 110 327 162 656 207 492 709 224 498 329 284 
337 388 442 718 558 -1 485 650 139 286 284 647 110 695 477 301 485 696 563 327 222 554 526 480 842 397 683 257 700 553 361 725 413 220 325 526 554 89 704 661 618 629 178 582 582 756 679 459 514 390 552 469 186 549 510 779 532 514 640 154 393 831 243 305 534 114 99 517 520 57 553 591 706 245 508 640 694 260 321 666 380 790 137 308 558 597 390 135 276 611 326 716 138 646 235 423 398 310 603 285 
512 698 105 393 479 485 -1 354 542 202 744 432 386 524 28 305 49 879 394 574 473 708 336 209 531 197 472 535 449 262 477 351 466 348 379 241 580 527 417 292 627 154 473 351 220 426 558 497 43 662 81 351 343 225 536 523 357 516 795 485 558 488 242 524 119 468 550 568 131 542 291 294 504 730 68 707 302 272 336 198 720 420 451 769 105 261 105 383 247 588 223 556 623 382 625 297 277 683 753 336 
815 974 282 722 831 650 354 -1 627 460 934 783 594 877 329 350 403 1205 748 862 743 1033 138 184 852 265 822 807 794 614 793 663 796 622 695 134 924 726 757 618 975 421 725 705 562 750 912 834 382 949 299 701 463 576 878 863 711 860 1125 559 870 799 473 815 237 692 663 908 481 703 96 642 854 869 416 1050 614 392 340 457 985 725 543 840 429 604 422 514 533 938 535 909 765 730 859 230 618 930 1081 639 
477 511 475 828 692 139 542 627 -1 364 344 770 226 825 528 285 555 828 688 464 361 691 492 480 957 406 808 394 820 660 500 825 551 346 458 520 693 215 819 760 757 695 318 700 678 866 812 597 579 520 596 594 200 649 649 901 655 652 775 68 532 940 319 444 563 254 55 657 605 144 535 700 832 246 580 780 789 277 287 736 497 893 93 228 631 698 463 160 379 749 429 847 157 762 351 397 515 422 739 412 
355 521 190 475 426 286 202 460 364 -1 543 449 184 524 198 215 199 747 379 404 289 577 378 276 611 201 490 353 489 309 335 464 348 164 240 325 489 325 476 399 547 342 281 369 316 514 534 391 228 492 275 298 182 291 440 570 340 428 669 317 410 586 45 355 276 267 361 465 240 342 369 349 519 531 222 609 426 147 255 380 537 533 280 582 272 341 103 205 75 519 99 553 425 424 429 290 203 492 626 181 
381 269 718 890 650 284 744 934 344 543 -1 782 361 799 741 585 735 582 699 316 315 500 809 764 992 680 809 284 842 742 431 918 492 413 461 811 587 218 860 859 640 875 291 739 790 925 760 523 767 310 818 613 471 750 560 909 680 576 558 401 405 997 505 338 809 278 292 548 749 231 838 774 822 139 753 620 897 544 602 906 232 973 402 296 800 793 641 420 505 655 546 810 187 803 157 707 578 170 536 457 
406 590 526 146 156 647 432 783 770 449 782 -1 544 94 459 660 382 597 85 481 474 455 763 637 209 599 41 499 59 169 354 216 295 427 331 673 281 625 94 206 289 394 508 82 226 166 146 278 400 536 486 178 625 207 269 131 115 243 514 742 404 225 482 447 546 554 745 301 302 684 723 142 72 844 367 383 238 596 699 381 630 232 705 951 357 185 401 632 401 241 355 127 762 64 625 704 256 640 480 362 
282 390 357 609 467 110 386 594 226 184 361 544 -1 598 381 264 381 670 462 297 174 513 483 414 735 330 581 230 595 443 292 615 334 119 234 463 481 143 596 551 545 524 142 476 472 647 587 382 412 376 457 367 154 438 435 675 428 434 603 210 342 722 144 261 448 97 202 448 411 161 497 482 605 349 403 581 583 204 295 560 394 680 177 418 452 487 286 122 166 532 215 621 245 539 265 381 291 336 563 185 
418 582 615 219 149 695 524 877 825 524 799 94 598 -1 550 739 474 540 144 486 503 416 852 727 227 686 62 517 113 262 369 295 307 479 370 764 246 662 163 296 233 488 542 172 321 226 67 277 494 528 580 233 694 301 250 127 184 228 461 803 402 265 554 461 640 594 795 276 395 727 814 237 40 874 460 324 324 672 778 473 625 294 766 991 452 280 486 695 468 188 427 32 800 156 641 790 323 645 432 413 
523 706 77 421 502 477 28 329 528 198 741 459 381 550 -1 282 76 895 419 583 479 724 307 181 559 170 499 541 477 289 490 379 482 352 392 214 600 523 445 320 649 175 476 378 249 455 583 515 70 671 76 373 328 253 555 551 381 536 812 469 571 516 237 533 97 466 537 587 160 534 263 322 531 722 96 727 330 254 311 219 726 448 435 755 132 289 112 369 251 610 233 583 614 410 626 269 295 686 769 346 
529 654 213 669 641 301 305 350 285 215 585 660 264 739 282 -1 336 925 594 558 434 761 224 195 807 127 702 493 696 509 524 642 549 333 438 235 695 382 678 579 756 458 406 579 497 706 750 594 348 640 337 514 116 484 646 777 555 637 853 217 589 774 195 516 290 360 315 668 409 354 254 549 732 520 362 810 597 72 39 502 658 713 196 509 408 530 269 166 282 731 314 768 415 629 523 121 419 596 812 377 
480 671 149 347 432 485 49 403 555 199 735 382 381 474 76 336 -1 840 345 546 452 669 384 257 486 237 423 512 400 213 443 310 427 329 347 291 536 520 369 249 582 143 456 302 174 382 509 456 34 633 119 306 359 176 493 475 308 472 755 501 524 446 243 496 167 457 557 526 83 541 340 245 454 730 26 663 263 294 369 181 696 380 465 778 76 213 95 394 230 542 198 507 624 333 608 339 237 663 713 309 
396 324 925 744 451 696 879 1205 828 747 582 597 670 540 895 925 840 -1 557 373 495 171 1123 1022 764 948 591 443 645 693 412 812 413 594 510 1071 323 612 690 786 309 927 530 622 766 760 473 384 872 307 958 544 823 726 354 665 574 380 86 850 338 805 743 409 992 590 775 319 793 684 1116 696 580 716 841 216 824 856 960 932 353 828 828 872 863 738 788 791 672 356 670 526 709 656 485 1029 602 425 127 566 
326 515 479 206 105 563 394 748 688 379 699 85 462 144 419 594 345 557 -1 401 389 403 714 590 292 544 119 415 143 146 273 261 216 344 245 630 234 540 164 229 259 387 423 64 218 234 164 206 369 462 458 94 550 185 209 216 39 182 471 663 329 301 409 365 512 469 662 244 272 600 680 139 144 758 334 351 267 527 634 384 554 294 626 866 337 184 345 554 325 213 282 174 676 111 542 648 179 559 434 278 
77 126 593 604 338 327 574 862 464 404 316 481 297 486 583 558 546 373 401 -1 124 227 767 678 690 598 502 70 541 479 129 646 185 240 203 728 271 249 566 595 328 666 157 452 541 635 444 209 581 88 656 329 452 498 243 602 391 260 312 480 88 703 389 50 673 217 414 232 528 324 769 502 512 413 556 325 635 491 591 687 158 691 456 555 593 531 471 417 335 339 351 495 369 511 163 668 329 159 275 237 
115 231 480 576 357 222 473 743 361 289 315 474 174 503 479 434 452 495 389 124 -1 340 644 559 681 477 503 63 532 428 143 603 201 126 147 609 334 163 547 546 397 583 43 425 480 611 475 244 486 207 554 300 328 438 293 603 367 300 429 367 172 683 269 87 564 107 317 297 449 235 649 459 521 371 466 419 584 367 467 609 248 658 340 491 508 479 368 296 227 394 254 519 299 489 164 544 265 211 390 149 
232 232 753 601 301 554 708 1033 691 577 500 455 513 416 724 761 669 171 403 227 340 -1 955 851 643 778 458 297 509 531 241 663 242 428 338 900 174 477 550 631 188 760 379 467 603 622 353 215 701 191 787 378 664 562 193 544 414 220 92 705 172 675 575 253 820 442 641 158 624 551 946 538 453 619 671 127 670 691 797 768 273 688 680 769 694 578 616 635 502 228 498 410 591 508 370 861 431 329 50 395 
728 871 237 728 785 526 336 138 492 378 809 763 483 852 307 224 384 1123 714 767 644 955 -1 126 864 178 804 706 784 595 713 679 725 530 618 103 863 607 753 625 919 447 621 681 556 760 879 767 374 852 310 652 340 560 815 859 675 801 1047 425 785 818 380 722 241 581 531 842 467 578 69 629 836 736 404 986 630 279 208 489 878 747 411 703 432 597 370 391 454 887 467 884 635 717 746 103 562 818 1004 559 
631 790 111 602 664 480 209 184 480 276 764 637 414 727 181 195 257 1022 590 678 559 851 126 -1 739 84 678 622 657 468 610 556 616 437 513 50 749 550 627 500 803 329 542 555 430 635 755 656 248 765 192 532 295 433 702 733 552 686 943 413 686 694 289 630 125 511 508 730 341 536 94 502 710 711 277 874 506 219 202 373 802 624 390 705 307 470 250 347 350 769 356 759 604 590 679 111 444 748 900 456 
616 797 635 139 358 842 531 852 957 611 992 209 735 227 559 807 486 764 292 690 681 643 864 739 -1 722 190 708 150 302 564 188 504 623 536 764 471 828 138 239 460 431 714 260 313 104 292 485 490 743 558 381 794 323 469 100 315 444 687 922 612 63 651 657 627 756 938 498 404 883 812 261 189 1049 463 549 238 751 844 398 838 134 884 1149 432 277 538 809 579 416 529 238 963 196 834 826 444 850 659 560 
554 708 93 583 610 397 197 265 406 201 680 599 330 686 170 127 237 948 544 598 477 778 178 84 722 -1 641 541 627 436 537 547 547 358 441 133 685 466 601 486 742 341 459 517 409 618 708 589 240 684 213 477 215 404 637 705 505 623 870 340 611 683 208 551 162 427 430 664 318 453 171 473 672 631 261 808 499 136 147 386 719 617 314 633 302 447 199 266 276 710 289 717 524 559 595 104 386 665 828 382 
429 606 567 158 168 683 472 822 808 490 809 41 581 62 499 702 423 591 119 502 503 458 804 678 190 641 -1 525 53 209 378 234 317 463 363 713 284 658 102 233 282 428 540 124 263 169 125 295 440 552 524 214 665 247 279 100 153 254 510 781 422 217 523 471 586 588 782 309 341 719 763 180 31 875 406 375 261 637 741 412 648 237 744 985 395 221 442 671 441 235 396 93 795 95 651 746 296 662 478 398 
101 167 543 611 368 257 535 807 394 353 284 499 230 517 541 493 512 443 415 70 63 297 706 622 708 541 525 -1 558 472 147 645 209 190 187 673 322 182 578 590 382 640 88 459 528 644 481 244 546 146 616 333 385 486 287 625 398 299 383 409 143 715 333 58 627 147 345 283 504 257 712 500 539 362 525 389 629 428 525 664 185 695 385 497 565 524 430 349 289 387 313 529 307 521 126 606 312 155 346 204 
466 649 548 106 213 700 449 794 820 489 842 59 595 113 477 696 400 645 143 541 532 509 784 657 150 627 53 558 -1 191 414 183 355 480 388 690 335 681 50 190 335 390 566 121 232 115 178 337 414 595 495 234 668 224 326 81 168 300 563 790 464 167 525 507 559 610 798 357 317 739 740 154 74 901 382 429 214 634 735 370 690 183 752 1005 364 190 431 678 446 288 399 140 817 67 684 732 305 700 531 416 
402 602 358 168 248 553 262 614 660 309 742 169 443 262 289 509 213 693 146 479 428 531 595 468 302 436 209 472 191 -1 352 176 309 341 284 503 371 553 169 117 403 241 452 91 73 206 302 319 231 553 317 156 491 39 338 270 119 313 607 621 425 280 349 434 377 481 645 374 132 600 553 40 241 776 197 494 157 449 547 240 637 236 584 861 192 52 241 508 281 358 231 295 682 123 592 541 164 626 567 286 
52 250 513 475 220 361 477 793 500 335 431 354 292 369 490 524 443 412 273 129 143 241 713 610 564 537 378 147 414 352 -1 516 61 191 98 659 192 307 438 467 256 552 187 322 417 506 335 100 477 202 558 200 434 374 149 478 261 156 334 499 81 575 334 93 585 248 459 157 413 378 704 373 391 507 449 290 507 452 561 569 286 561 468 634 481 404 380 412 260 251 259 382 442 382 273 620 211 286 291 154 
568 766 456 77 362 725 351 663 825 464 918 216 615 295 379 642 310 812 261 646 603 663 679 556 188 547 234 645 183 176 516 -1 467 517 458 578 491 729 132 65 505 242 628 199 148 91 359 465 309 715 371 316 646 177 470 220 258 443 727 782 583 138 508 603 440 657 814 505 233 774 625 144 257 952 285 599 49 593 677 210 803 70 744 1033 248 128 377 669 450 457 400 323 856 155 767 648 340 798 692 462 
112 299 514 420 158 413 466 796 551 348 492 295 334 307 482 549 427 413 216 185 201 242 725 616 504 547 317 209 355 309 61 467 -1 223 110 664 148 364 381 421 211 524 243 269 378 451 274 47 460 248 545 153 467 335 100 418 209 101 330 544 116 518 354 154 579 302 512 119 387 434 711 327 330 568 430 262 462 477 587 537 338 508 512 693 456 361 375 451 272 198 260 321 501 327 334 637 189 345 287 171 
198 357 354 503 348 220 348 622 346 164 413 427 119 479 352 333 329 594 344 240 126 428 530 437 623 358 463 190 480 341 191 517 223 -1 117 487 371 212 485 455 435 465 126 362 381 540 468 270 363 328 428 249 244 343 324 559 312 320 520 328 257 614 150 193 437 140 318 341 336 260 529 377 487 435 345 480 490 262 370 494 375 578 293 526 389 388 242 229 100 418 134 501 341 426 279 434 180 334 478 66 
133 330 415 428 233 325 379 695 458 240 461 331 234 370 392 438 347 510 245 203 147 338 618 513 536 441 363 187 388 284 98 458 110 117 -1 562 257 294 401 402 320 463 178 278 341 464 354 156 381 287 461 154 359 299 209 462 221 203 430 444 178 536 244 154 486 224 425 229 324 356 607 313 383 513 355 372 441 366 477 483 360 511 410 622 390 336 281 346 164 301 161 391 431 342 308 528 126 342 387 61 
681 840 153 629 708 526 241 134 520 325 811 673 463 764 214 235 291 1071 630 728 609 900 103 50 764 133 713 673 690 503 659 578 664 487 562 -1 795 599 657 526 848 344 592 592 460 661 795 703 277 815 208 576 341 467 748 764 592 732 992 452 736 717 339 680 138 561 551 778 373 582 49 536 745 754 308 921 529 266 236 386 852 645 431 742 333 502 294 393 400 813 403 797 649 624 729 132 490 798 949 506 
223 345 642 427 129 554 580 924 693 489 587 281 481 246 600 695 536 323 234 271 334 174 863 749 471 685 284 322 335 371 192 491 148 371 257 795 -1 496 376 463 64 609 378 299 445 448 188 101 566 292 655 230 616 406 48 373 252 63 237 690 183 502 500 263 697 440 651 39 479 569 843 372 282 683 533 127 501 623 734 611 389 514 658 819 549 415 501 599 415 68 395 244 628 336 435 779 306 422 200 318 
274 299 500 712 518 89 527 726 215 325 218 625 143 662 523 382 520 612 540 249 163 477 607 550 828 466 658 182 681 553 307 729 364 212 294 599 496 -1 691 667 558 662 121 568 592 749 637 407 552 305 600 447 266 555 456 756 513 464 559 242 324 823 287 236 591 72 164 458 541 74 629 589 677 223 540 571 702 333 406 695 291 789 227 329 588 601 426 217 294 557 339 680 137 632 146 504 390 220 524 269 
490 679 519 56 250 704 417 757 819 476 860 94 596 163 445 678 369 690 164 566 547 550 753 627 138 601 102 578 50 169 438 132 381 485 401 657 376 691 -1 144 381 347 579 123 197 72 227 369 380 626 458 247 658 196 363 106 180 336 607 784 493 137 515 529 523 619 799 395 286 745 706 129 124 913 349 475 166 619 716 324 719 138 747 1011 327 156 410 672 441 333 392 190 825 58 704 706 305 724 574 422 
518 718 397 104 334 661 292 618 760 399 859 206 551 296 320 579 249 786 229 595 546 631 625 500 239 486 233 590 190 117 467 65 421 455 402 526 463 667 144 -1 484 202 568 164 82 135 353 425 251 668 320 268 580 112 437 248 217 410 701 716 538 196 442 551 388 595 749 472 169 710 573 94 262 890 225 578 40 528 614 180 753 135 679 968 193 66 312 603 385 437 335 326 793 141 710 588 281 744 663 402 
284 389 695 435 155 618 627 975 757 547 640 289 545 233 649 756 582 309 259 328 397 188 919 803 460 742 282 382 335 403 256 505 211 435 320 848 64 558 381 484 -1 644 441 322 476 451 167 164 610 338 700 276 679 441 111 360 284 119 228 754 240 498 560 324 746 504 715 100 520 632 897 399 273 741 577 94 521 684 795 643 433 519 722 879 588 443 554 663 474 48 452 223 690 349 491 837 358 473 198 380 
595 793 248 306 489 629 154 421 695 342 875 394 524 488 175 458 143 927 387 666 583 760 447 329 431 341 428 640 390 241 552 242 524 465 463 344 609 662 347 202 644 -1 591 328 170 331 537 545 116 750 137 382 497 203 572 450 359 548 841 639 632 378 386 617 206 597 700 607 139 685 388 254 458 873 121 733 193 427 486 44 821 305 605 920 75 209 238 535 369 599 330 520 767 332 743 432 340 794 800 435 
159 250 470 604 397 178 473 725 318 281 291 508 142 542 476 406 456 530 423 157 43 379 621 542 714 459 540 88 566 452 187 628 243 126 178 592 378 121 579 568 441 591 -1 456 499 640 516 287 490 234 552 332 297 459 336 639 399 343 467 326 214 713 254 127 557 64 274 340 461 191 630 484 558 335 472 461 606 342 437 620 259 684 300 450 516 502 367 260 226 438 260 559 258 520 152 520 287 211 429 166 
375 569 444 152 170 582 351 705 700 369 739 82 476 172 378 579 302 622 64 452 425 467 681 555 260 517 124 459 121 91 322 199 269 362 278 592 299 568 123 164 322 328 456 -1 158 185 211 266 322 517 409 125 547 131 273 202 61 246 536 668 385 257 404 412 468 496 678 308 224 623 642 76 155 790 288 415 202 515 618 322 607 239 631 888 284 121 318 557 325 275 278 204 702 64 584 621 185 607 498 299 
465 666 323 174 321 582 220 562 678 316 790 226 472 321 249 497 174 766 218 541 480 603 556 430 313 409 263 528 232 73 417 148 378 381 341 460 445 592 197 82 476 170 499 158 -1 209 367 390 182 619 262 227 497 43 411 303 193 386 680 633 492 276 360 494 327 521 668 447 91 632 509 84 294 814 152 567 111 445 533 166 699 218 596 888 132 42 230 521 305 430 256 353 715 168 644 513 215 684 640 332 
559 750 531 38 322 756 426 750 866 514 925 166 647 226 455 706 382 760 234 635 611 622 760 635 104 618 169 644 115 206 506 91 451 540 464 661 448 749 72 135 451 331 640 185 209 -1 293 440 386 697 455 311 696 223 435 132 246 408 678 828 564 74 555 597 523 677 850 468 300 800 708 166 185 972 358 544 137 650 742 301 789 68 790 1064 328 175 437 714 487 403 437 249 882 124 770 722 359 792 645 479 
380 531 643 284 120 679 558 912 812 534 760 146 587 67 583 750 509 473 164 444 475 353 879 755 292 708 125 481 178 302 335 359 274 468 354 795 188 637 227 353 167 537 516 211 367 293 -1 237 531 477 619 236 695 342 201 192 203 183 394 796 357 332 559 423 676 572 779 221 433 705 845 283 108 843 497 257 384 681 790 526 575 361 760 967 495 328 509 692 472 125 435 56 775 211 603 810 330 601 366 403 
143 311 552 413 129 459 497 834 597 391 523 278 382 277 515 594 456 384 206 209 244 215 767 656 485 589 295 244 337 319 100 465 47 270 156 703 101 407 369 425 164 545 287 266 390 440 237 -1 488 258 575 164 515 349 53 394 208 56 299 591 127 504 400 186 613 347 558 74 409 478 750 331 303 606 457 218 465 522 633 554 352 501 559 735 479 369 411 499 316 152 300 287 543 318 366 681 219 368 256 217 
515 706 148 353 459 514 43 382 579 228 767 400 412 494 70 348 34 872 369 581 486 701 374 248 490 240 440 546 414 231 477 309 460 363 381 277 566 552 380 251 610 116 490 322 182 386 531 488 -1 667 89 335 381 193 524 486 334 503 788 523 558 446 271 531 145 489 583 558 98 571 326 260 472 759 34 693 260 312 378 158 731 378 488 803 62 224 126 418 264 570 232 526 653 348 642 339 270 697 745 344 
154 54 681 668 385 390 662 949 520 492 310 536 376 528 671 640 633 307 462 88 207 191 852 765 743 684 552 146 595 553 202 715 248 328 287 815 292 305 626 668 338 750 234 517 619 697 477 258 667 -1 743 399 531 576 277 650 457 300 261 544 132 762 476 138 761 288 467 256 611 376 856 574 558 428 642 310 708 574 672 769 97 755 524 579 677 606 559 493 423 361 438 532 406 574 182 752 410 139 232 325 
593 779 124 425 549 552 81 299 596 275 818 486 457 580 76 337 119 958 458 656 554 787 310 192 558 213 524 616 495 317 558 371 545 428 461 208 655 600 458 320 700 137 552 409 262 455 619 575 89 743 -1 424 396 279 612 564 423 591 874 535 639 509 313 605 69 543 609 645 186 609 254 344 556 797 123 782 321 319 360 181 801 437 503 825 130 305 185 440 327 659 304 612 689 431 703 297 356 762 831 418 
252 450 422 278 132 469 351 701 594 298 613 178 367 233 373 514 306 544 94 329 300 378 652 532 381 477 214 333 234 156 200 316 153 249 154 576 230 447 247 268 276 382 332 125 227 311 236 164 335 399 424 -1 461 185 190 310 66 168 458 570 269 383 324 287 470 376 567 225 249 506 625 174 237 667 302 357 308 444 553 389 486 363 533 772 319 208 282 462 237 237 199 259 583 189 458 578 94 483 417 183 
432 542 276 658 579 186 343 463 200 182 471 625 154 694 328 116 359 823 550 452 328 664 340 295 794 215 665 385 668 491 434 646 467 244 359 341 616 266 658 580 679 497 297 547 497 696 695 515 381 531 396 461 -1 474 568 750 512 562 755 141 492 769 143 414 365 246 216 585 417 241 366 532 693 416 385 724 605 79 142 539 544 715 107 428 435 523 272 51 225 659 269 721 309 604 407 237 370 481 715 300 
422 623 324 185 286 549 225 576 649 291 750 207 438 301 253 484 176 726 185 498 438 562 560 433 323 404 247 486 224 39 374 177 335 343 299 467 406 555 196 112 441 203 459 131 43 223 342 349 193 576 279 185 474 -1 372 301 156 347 640 607 449 294 334 451 339 484 637 407 94 597 516 69 278 778 159 530 147 427 521 205 656 243 570 856 153 49 214 494 272 396 222 333 680 156 603 509 174 641 600 292 
185 331 596 411 112 510 536 878 649 440 560 269 435 250 555 646 493 354 209 243 293 193 815 702 469 637 279 287 326 338 149 470 100 324 209 748 48 456 363 437 111 572 336 273 411 435 201 53 524 277 612 190 568 372 -1 374 221 27 268 644 155 494 451 228 653 398 609 35 440 528 796 344 282 649 492 172 476 574 685 577 374 499 612 781 510 385 455 552 366 101 347 255 590 318 405 730 260 399 228 269 
530 704 624 146 265 779 523 863 901 570 909 131 675 127 551 777 475 665 216 602 603 544 859 733 100 705 100 625 81 270 478 220 418 559 462 764 373 756 106 248 360 450 639 202 303 132 192 394 486 650 564 310 750 301 374 -1 246 350 587 871 521 146 607 572 630 686 877 401 392 816 813 232 91 974 455 449 262 715 815 425 746 193 833 1082 434 262 511 759 528 316 481 139 893 147 751 810 385 762 559 493 
314 508 440 213 129 532 357 711 655 340 680 115 428 184 381 555 308 574 39 391 367 414 675 552 315 505 153 398 168 119 261 258 209 312 221 592 252 513 180 217 284 359 399 61 193 246 203 208 334 457 423 66 512 156 221 246 -1 195 488 627 325 316 371 351 476 442 630 256 239 570 642 123 180 734 299 374 257 488 594 360 546 300 590 837 305 164 306 517 287 240 244 213 649 122 524 608 142 547 449 247 
198 354 579 384 86 514 516 860 652 428 576 243 434 228 536 637 472 380 182 260 300 220 801 686 444 623 254 299 300 313 156 443 101 320 203 732 63 464 336 410 119 548 343 246 386 408 183 56 503 300 591 168 562 347 27 350 195 -1 294 644 174 468 442 241 634 403 613 62 417 534 780 317 258 662 470 190 449 565 676 552 397 472 611 791 487 359 438 549 355 98 334 235 599 291 420 718 242 418 254 262 
323 290 844 661 366 640 795 1125 775 669 558 514 603 461 812 853 755 86 471 312 429 92 1047 943 687 870 510 383 563 607 334 727 330 520 430 992 237 559 607 701 228 841 467 536 680 678 394 299 788 261 874 458 755 640 268 587 488 294 -1 792 264 726 668 342 909 529 724 233 707 633 1037 610 501 685 756 138 739 783 889 846 326 745 768 839 777 652 706 725 594 274 589 448 667 572 443 954 518 392 43 488 
482 542 412 789 676 154 485 559 68 317 401 742 210 803 469 217 501 850 663 480 367 705 425 413 922 340 781 409 790 621 499 782 544 328 444 452 690 242 784 716 754 639 326 668 633 828 796 591 523 544 535 570 141 607 644 871 627 644 792 -1 540 901 273 453 499 263 109 656 556 181 467 662 807 312 527 785 743 215 219 681 532 850 37 293 577 657 412 113 343 742 392 827 216 729 386 329 485 460 755 392 
59 185 592 535 255 393 558 870 532 410 405 404 342 402 571 589 524 338 329 88 172 172 785 686 612 611 422 143 464 425 81 583 116 257 178 736 183 324 493 538 240 632 214 385 492 564 357 127 558 132 639 269 492 449 155 521 325 174 264 540 -1 629 405 88 665 278 486 143 493 398 780 443 430 500 530 248 578 519 625 647 226 623 512 639 561 477 460 464 336 250 339 409 451 441 251 691 291 244 222 230 
627 815 593 112 381 831 488 799 940 586 997 225 722 265 516 774 446 805 301 703 683 675 818 694 63 683 217 715 167 280 575 138 518 614 536 717 502 823 137 196 498 378 713 257 276 74 332 504 446 762 509 383 769 294 494 146 316 468 726 901 629 -1 628 666 578 751 924 525 366 875 763 240 225 1046 421 589 187 721 810 343 855 74 863 1139 386 245 506 788 561 451 510 282 956 194 841 785 434 861 695 553 
347 501 216 517 447 243 242 473 319 45 505 482 144 554 237 195 243 743 409 389 269 575 380 289 651 208 523 333 525 349 334 508 354 150 244 339 500 287 515 442 560 386 254 404 360 555 559 400 271 476 313 324 143 334 451 607 371 442 668 273 405 628 -1 342 306 233 315 474 286 299 379 390 551 488 266 617 470 123 234 424 514 576 236 537 317 383 148 161 87 536 127 582 381 461 398 285 230 464 625 183 
43 176 544 565 311 305 524 815 444 355 338 447 261 461 533 516 496 409 365 50 87 253 722 630 657 551 471 58 507 434 93 603 154 193 154 680 263 236 529 551 324 617 127 412 494 597 423 186 531 138 605 287 414 451 228 572 351 241 342 453 88 666 342 -1 623 191 397 224 479 310 722 459 484 421 506 336 590 448 551 638 205 650 427 555 543 486 421 382 285 328 300 472 365 473 180 624 280 195 303 187 
616 794 92 493 598 534 119 237 563 276 809 546 448 640 97 290 167 992 512 673 564 820 241 125 627 162 586 627 559 377 585 440 579 437 486 138 697 591 523 388 746 206 557 468 327 523 676 613 145 761 69 470 365 339 653 630 476 634 909 499 665 578 306 623 -1 540 582 685 244 592 185 406 617 776 179 825 390 286 309 249 812 506 470 792 196 369 205 413 338 707 326 672 668 493 704 234 393 768 866 438 
223 296 450 640 452 114 468 692 254 267 278 554 97 594 466 360 457 590 469 217 107 442 581 511 756 427 588 147 610 481 248 657 302 140 224 561 440 72 619 595 504 597 64 496 521 677 572 347 489 288 543 376 246 484 398 686 442 403 529 263 278 751 233 191 540 -1 211 403 473 132 595 517 608 295 475 526 631 301 389 629 298 717 238 397 522 529 364 205 228 499 270 613 207 560 167 478 318 238 492 197 
432 457 491 812 658 99 550 663 55 361 292 745 202 795 537 315 557 775 662 414 317 641 531 508 938 430 782 345 798 645 459 814 512 318 425 551 651 164 799 749 715 700 274 678 668 850 779 558 583 467 609 567 216 637 609 877 630 613 724 109 486 924 315 397 582 211 -1 614 600 91 569 684 805 205 581 734 780 296 324 739 441 880 120 221 632 686 463 169 364 710 415 816 106 741 296 433 493 367 689 384 
184 310 626 445 145 517 568 908 657 465 548 301 448 276 587 668 526 319 244 232 297 158 842 730 498 664 309 283 357 374 157 505 119 341 229 778 39 458 395 472 100 607 340 308 447 468 221 74 558 256 645 225 585 407 35 401 256 62 233 656 143 525 474 224 685 403 614 -1 475 531 825 380 309 644 525 143 511 596 706 613 353 532 624 780 544 421 485 567 390 107 375 277 590 352 395 755 292 384 192 290 
457 655 233 265 366 520 131 481 605 240 749 302 411 395 160 409 83 793 272 528 449 624 467 341 404 318 341 504 317 132 413 233 387 336 324 373 479 541 286 169 520 139 461 224 91 300 433 409 98 611 186 249 417 94 440 392 239 417 707 556 493 366 286 479 244 473 600 475 -1 573 422 162 373 759 65 606 189 360 444 160 683 304 519 822 69 130 145 445 247 477 202 427 656 250 611 422 201 659 666 300 
347 366 500 763 585 57 542 703 144 342 231 684 161 727 534 354 541 684 600 324 235 551 578 536 883 453 719 257 739 600 378 774 434 260 356 582 569 74 745 710 632 685 191 623 632 800 705 478 571 376 609 506 241 597 528 816 570 534 633 181 398 875 299 310 592 132 91 531 573 -1 607 637 740 188 563 646 743 316 371 721 353 836 175 266 613 645 446 189 327 629 376 746 83 687 207 475 440 279 599 323 
724 879 202 677 757 553 291 96 535 369 838 723 497 814 263 254 340 1116 680 769 649 946 69 94 812 171 763 712 740 553 704 625 711 529 607 49 843 629 706 573 897 388 630 642 509 708 845 750 326 856 254 625 366 516 796 813 642 780 1037 467 780 763 379 722 185 595 569 825 422 607 -1 585 795 774 357 968 575 296 247 429 889 691 449 752 380 550 343 418 444 862 450 846 670 673 762 138 538 833 994 550 
425 624 393 128 245 591 294 642 700 349 774 142 482 237 322 549 245 696 139 502 459 538 629 502 261 473 180 500 154 40 373 144 327 377 313 536 372 589 129 94 399 254 484 76 84 166 283 331 260 574 344 174 532 69 344 232 123 317 610 662 443 240 390 459 406 517 684 380 162 637 585 -1 211 812 227 491 135 490 586 246 660 200 624 900 215 45 280 549 320 352 270 269 719 87 622 578 198 653 571 320 
441 613 598 180 174 706 504 854 832 519 822 72 605 40 531 732 454 580 144 512 521 453 836 710 189 672 31 539 74 241 391 257 330 487 383 745 282 677 124 262 273 458 558 155 294 185 108 303 472 558 556 237 693 278 282 91 180 258 501 807 430 225 551 484 617 608 805 309 373 740 795 211 -1 892 438 364 288 666 771 441 655 253 770 1005 427 252 473 698 468 227 424 66 815 126 664 777 323 672 471 421 
464 395 685 935 727 245 730 869 246 531 139 844 349 874 722 520 730 716 758 413 371 619 736 711 1049 631 875 362 901 776 507 952 568 435 513 754 683 223 913 890 741 873 335 790 814 972 843 606 759 428 797 667 416 778 649 974 734 662 685 312 500 1046 488 421 776 295 205 644 759 188 774 812 892 -1 752 733 925 495 529 909 363 1013 325 157 801 824 634 365 512 749 559 889 108 854 251 638 614 293 659 492 
489 682 172 325 425 508 68 416 580 222 753 367 403 460 96 362 26 841 334 556 466 671 404 277 463 261 406 525 382 197 449 285 430 345 355 308 533 540 349 225 577 121 472 288 152 358 497 457 34 642 123 302 385 159 492 455 299 470 756 527 530 421 266 506 179 475 581 525 65 563 357 227 438 752 -1 660 238 320 395 158 708 355 491 802 50 193 118 419 248 536 212 492 646 315 624 363 240 677 714 321 
303 355 768 529 246 640 707 1050 780 609 620 383 581 324 727 810 663 216 351 325 419 127 986 874 549 808 375 389 429 494 290 599 262 480 372 921 127 571 475 578 94 733 461 415 567 544 257 218 693 310 782 357 724 530 172 449 374 190 138 785 248 589 617 336 825 526 734 143 606 646 968 491 364 733 660 -1 615 738 848 734 398 612 756 879 675 535 627 702 534 142 519 310 695 444 482 899 432 450 118 433 
558 758 408 116 372 694 302 614 789 426 897 238 583 324 330 597 263 824 267 635 584 670 630 506 238 499 261 629 214 157 507 49 462 490 441 529 501 702 166 40 521 193 606 202 111 137 384 465 260 708 321 308 605 147 476 262 257 449 739 743 578 187 470 590 390 631 780 511 189 743 575 135 288 925 238 615 -1 550 632 163 793 117 706 1000 199 104 335 631 417 473 368 354 827 173 748 599 319 783 701 439 
459 592 197 613 570 260 272 392 277 147 544 596 204 672 254 72 294 856 527 491 367 691 279 219 751 136 637 428 634 449 452 593 477 262 366 266 623 333 619 528 684 427 342 515 445 650 681 522 312 574 319 444 79 427 574 715 488 565 783 215 519 721 123 448 286 301 296 596 360 316 296 490 666 495 320 738 550 -1 111 470 598 663 184 506 370 475 215 129 211 659 245 700 387 568 467 177 350 539 741 305 
565 684 238 705 681 321 336 340 287 255 602 699 295 778 311 39 369 960 634 591 467 797 208 202 844 147 741 525 735 547 561 677 587 370 477 236 734 406 716 614 795 486 437 618 533 742 790 633 378 672 360 553 142 521 685 815 594 676 889 219 625 810 234 551 309 389 324 706 444 371 247 586 771 529 395 848 632 111 -1 531 686 748 204 506 440 567 306 188 322 770 354 808 427 668 548 109 459 622 848 416 
614 813 293 279 488 666 198 457 736 380 906 381 560 473 219 502 181 932 384 687 609 768 489 373 398 386 412 664 370 240 569 210 537 494 483 386 611 695 324 180 643 44 620 322 166 301 526 554 158 769 181 389 539 205 577 425 360 552 846 681 647 343 424 638 249 629 739 613 160 721 429 246 441 909 158 734 163 470 531 -1 843 268 646 960 107 200 276 576 401 597 360 505 804 317 771 477 358 819 806 460 
234 43 727 759 480 380 720 985 497 537 232 630 394 625 726 658 696 353 554 158 248 273 878 802 838 719 648 185 690 637 286 803 338 375 360 852 389 291 719 753 433 821 259 607 699 789 575 352 731 97 801 486 544 656 374 746 546 397 326 532 226 855 514 205 812 298 441 353 683 353 889 660 655 363 708 398 793 598 686 843 -1 846 518 519 747 689 615 500 474 457 498 629 362 665 146 776 486 75 305 387 
614 808 526 88 387 790 420 725 893 533 973 232 680 294 448 713 380 828 294 691 658 688 747 624 134 617 237 695 183 236 561 70 508 578 511 645 514 789 138 135 519 305 684 239 218 68 361 501 378 755 437 363 715 243 499 193 300 472 745 850 623 74 576 650 506 717 880 532 304 836 691 200 253 1013 355 612 117 663 748 268 846 -1 813 1098 317 194 447 737 515 471 465 317 919 182 819 717 399 846 712 520 
454 525 382 752 641 137 451 543 93 280 402 705 177 766 435 196 465 828 626 456 340 680 411 390 884 314 744 385 752 584 468 744 512 293 410 431 658 227 747 679 722 605 300 631 596 790 760 559 488 524 503 533 107 570 612 833 590 611 768 37 512 863 236 427 470 238 120 624 519 175 449 624 770 325 491 756 706 184 204 646 518 813 -1 321 541 619 376 75 306 709 355 791 223 691 372 312 448 447 729 357 
596 550 704 1027 848 308 769 840 228 582 296 951 418 991 755 509 778 872 866 555 491 769 703 705 1149 633 985 497 1005 861 634 1033 693 526 622 742 819 329 1011 968 879 920 450 888 888 1064 967 735 803 579 825 772 428 856 781 1082 837 791 839 293 639 1139 537 555 792 397 221 780 822 266 752 900 1005 157 802 879 1000 506 506 960 519 1098 321 -1 853 905 684 385 583 883 633 1010 192 952 399 614 705 448 811 589 
523 719 210 296 434 558 105 429 631 272 800 357 452 452 132 408 76 863 337 593 508 694 432 307 432 302 395 565 364 192 481 248 456 389 390 333 549 588 327 193 588 75 516 284 132 328 495 479 62 677 130 319 435 153 510 434 305 487 777 577 561 386 317 543 196 522 632 544 69 613 380 215 427 801 50 675 199 370 440 107 747 317 541 853 -1 175 168 470 294 545 255 484 696 301 668 401 269 719 735 360 
455 655 363 138 289 597 261 604 698 341 793 185 487 280 289 530 213 738 184 531 479 578 597 470 277 447 221 524 190 52 404 128 361 388 336 502 415 601 156 66 443 209 502 121 42 175 328 369 224 606 305 208 523 49 385 262 164 359 652 657 477 245 383 486 369 529 686 421 130 645 550 45 252 824 193 535 104 475 567 200 689 194 619 905 175 -1 261 544 321 397 271 312 728 126 644 551 214 679 613 335 
411 594 141 399 414 390 105 422 463 103 641 401 286 486 112 269 95 788 345 471 368 616 370 250 538 199 442 430 431 241 380 377 375 242 281 294 501 426 410 312 554 238 367 318 230 437 509 411 126 559 185 282 272 214 455 511 306 438 706 412 460 506 148 421 205 364 463 485 145 446 343 280 473 634 118 627 335 215 306 276 615 447 376 684 168 261 -1 303 141 519 121 517 528 363 519 303 195 577 663 234 
405 501 322 676 574 135 383 514 160 205 420 632 122 695 369 166 394 791 554 417 296 635 391 347 809 266 671 349 678 508 412 669 451 229 346 393 599 217 672 603 663 535 260 557 521 714 692 499 418 493 440 462 51 494 552 759 517 549 725 113 464 788 161 382 413 205 169 567 445 189 418 549 698 365 419 702 631 129 188 576 500 737 75 385 470 544 303 -1 231 647 280 721 258 616 360 288 375 435 685 290 
281 455 258 448 359 276 247 533 379 75 505 401 166 468 251 282 230 672 325 335 227 502 454 350 579 276 441 289 446 281 260 450 272 100 164 400 415 294 441 385 474 369 226 325 305 487 472 316 264 423 327 237 225 272 366 528 287 355 594 343 336 561 87 285 338 228 364 390 247 327 444 320 468 512 248 534 417 211 322 401 474 515 306 583 294 321 141 231 -1 448 50 495 411 385 378 365 145 435 551 106 
286 414 659 387 110 611 588 938 749 519 655 241 532 188 610 731 542 356 213 339 394 228 887 769 416 710 235 387 288 358 251 457 198 418 301 813 68 557 333 437 48 599 438 275 430 403 125 152 570 361 659 237 659 396 101 316 240 98 274 742 250 451 536 328 707 499 710 107 477 629 862 352 227 749 536 142 473 659 770 597 457 471 709 883 545 397 519 647 448 -1 422 182 692 301 502 807 325 491 243 359 
290 475 254 398 327 326 223 535 429 99 546 355 215 427 233 314 198 670 282 351 254 498 467 356 529 289 396 313 399 231 259 400 260 134 161 403 395 339 392 335 452 330 260 278 256 437 435 300 232 438 304 199 269 222 347 481 244 334 589 392 339 510 127 300 326 270 415 375 202 376 450 270 424 559 212 519 368 245 354 360 498 465 355 633 255 271 121 280 50 422 -1 455 459 336 412 385 104 465 546 113 
429 586 647 246 162 716 556 909 847 553 810 127 621 32 583 768 507 526 174 495 519 410 884 759 238 717 93 529 140 295 382 323 321 501 391 797 244 680 190 326 223 520 559 204 353 249 56 287 526 532 612 259 721 333 255 139 213 235 448 827 409 282 582 472 672 613 816 277 427 746 846 269 66 889 492 310 354 700 808 505 629 317 791 1010 484 312 517 721 495 182 455 -1 818 188 653 821 351 653 422 436 
405 385 576 844 656 138 623 765 157 425 187 762 245 800 614 415 624 709 676 369 299 591 635 604 963 524 795 307 817 682 442 856 501 341 431 649 628 137 825 793 690 767 258 702 715 882 775 543 653 406 689 583 309 680 590 893 649 599 667 216 451 956 381 365 668 207 106 590 656 83 670 719 815 108 646 695 827 387 427 804 362 919 223 192 696 728 528 258 411 692 459 818 -1 767 224 535 522 287 636 403 
435 626 480 94 207 646 382 730 762 424 803 64 539 156 410 629 333 656 111 511 489 508 717 590 196 559 95 521 67 123 382 155 327 426 342 624 336 632 58 141 349 332 520 64 168 124 211 318 348 574 431 189 604 156 318 147 122 291 572 729 441 194 461 473 493 560 741 352 250 687 673 87 126 854 315 444 173 568 668 317 665 182 691 952 301 126 363 616 385 301 336 188 767 -1 647 664 248 668 536 363 
223 161 615 736 492 235 625 859 351 429 157 625 265 641 626 523 608 485 542 163 164 370 746 679 834 595 651 126 684 592 273 767 334 279 308 729 435 146 704 710 491 743 152 584 644 770 603 366 642 182 703 458 407 603 405 751 524 420 443 386 251 841 398 180 704 167 296 395 611 207 762 622 664 251 624 482 748 467 548 771 146 819 372 399 668 644 519 360 378 502 412 653 224 647 -1 642 429 74 413 313 
632 770 191 687 709 423 297 230 397 290 707 704 381 790 269 121 339 1029 648 668 544 861 103 111 826 104 746 606 732 541 620 648 637 434 528 132 779 504 706 588 837 432 520 621 513 722 810 681 339 752 297 578 237 509 730 810 608 718 954 329 691 785 285 624 234 478 433 755 422 475 138 578 777 638 363 899 599 177 109 477 776 717 312 614 401 551 303 288 365 807 385 821 535 664 642 -1 485 715 911 468 
255 455 336 322 224 398 277 618 515 203 578 256 291 323 295 419 237 602 179 329 265 431 562 444 444 386 296 312 305 164 211 340 189 180 126 490 306 390 305 281 358 340 287 185 215 359 330 219 270 410 356 94 370 174 260 385 142 242 518 485 291 434 230 280 393 318 493 292 201 440 538 198 323 614 240 432 319 350 459 358 486 399 448 705 269 214 195 375 145 325 104 351 522 248 429 485 -1 468 475 121 
233 102 680 760 498 310 683 930 422 492 170 640 336 645 686 596 663 425 559 159 211 329 818 748 850 665 662 155 700 626 286 798 345 334 342 798 422 220 724 744 473 794 211 607 684 792 601 368 697 139 762 483 481 641 399 762 547 418 392 460 244 861 464 195 768 238 367 384 659 279 833 653 672 293 677 450 783 539 622 819 75 846 447 448 719 679 577 435 435 491 465 653 287 668 74 715 468 -1 367 358 
282 267 800 626 329 603 753 1081 739 626 536 480 563 432 769 812 713 127 434 275 390 50 1004 900 659 828 478 346 531 567 291 692 287 478 387 949 200 524 574 663 198 800 429 498 640 645 366 256 745 232 831 417 715 600 228 559 449 254 43 755 222 695 625 303 866 492 689 192 666 599 994 571 471 659 714 118 701 741 848 806 305 712 729 811 735 613 663 685 551 243 546 422 636 536 413 911 475 367 -1 445 
178 362 362 443 284 285 336 639 412 181 457 362 185 413 346 377 309 566 278 237 149 395 559 456 560 382 398 204 416 286 154 462 171 66 61 506 318 269 422 402 380 435 166 299 332 479 403 217 344 325 418 183 300 292 269 493 247 262 488 392 230 553 183 187 438 197 384 290 300 323 550 320 421 492 321 433 439 305 416 460 387 520 357 589 360 335 234 290 106 359 113 436 403 363 313 468 121 358 445 -1 
