100
-1 540 584 560 261 463 305 234 313 730 234 734 233 640 396 804 601 273 122 544 561 217 484 531 613 531 355 248 175 775 477 532 790 75 454 722 706 282 477 273 306 461 763 584 384 95 677 627 241 43 916 477 418 279 259 65 559 714 652 588 409 573 657 344 590 351 629 673 189 752 116 440 398 585 457 91 307 190 210 475 625 785 330 745 652 580 374 531 521 411 218 383 264 652 488 414 745 624 329 525 
540 -1 392 247 443 211 393 566 636 203 763 291 435 579 577 354 117 400 418 141 561 414 131 52 241 318 647 329 654 235 623 238 266 615 522 556 727 345 113 322 291 208 247 81 155 506 356 374 440 565 377 242 423 754 537 571 119 174 253 62 160 110 637 478 648 239 430 139 608 343 550 649 148 369 312 458 424 713 701 422 180 746 329 269 122 460 412 364 54 333 348 420 308 223 391 497 211 115 233 435 
584 392 -1 149 336 201 280 444 461 543 725 279 357 193 336 324 508 629 510 254 206 368 493 440 185 79 445 352 590 519 331 612 435 649 235 172 346 578 292 324 534 555 401 338 375 615 136 61 646 581 581 594 185 649 399 644 510 476 210 446 303 297 255 287 295 285 48 405 519 250 664 387 347 27 649 552 670 674 629 748 572 354 595 326 482 79 222 53 338 174 523 706 514 244 102 243 440 344 327 93 
560 247 149 -1 354 100 291 480 521 396 740 186 364 341 420 251 361 540 462 106 341 361 358 297 60 87 517 311 610 378 439 476 310 632 335 309 493 485 159 286 435 426 276 189 262 568 132 128 566 568 458 464 250 688 439 612 366 331 100 298 193 148 402 341 431 213 183 260 545 192 618 484 234 123 525 506 577 687 654 630 425 503 492 217 333 223 265 135 194 179 446 601 425 119 183 325 303 197 248 213 
261 443 336 354 -1 278 62 129 192 646 391 540 31 379 174 605 544 411 231 381 303 60 456 461 413 299 208 134 258 665 250 552 640 318 198 461 459 381 341 126 364 476 608 452 309 318 448 387 406 249 783 507 159 335 94 326 516 606 454 505 283 425 401 88 345 203 378 547 191 542 361 241 302 343 527 260 455 340 301 592 591 530 419 566 566 321 115 287 402 177 301 518 322 466 235 157 612 484 216 267 
463 211 201 100 278 -1 217 407 460 397 653 271 282 375 379 341 328 444 363 105 350 274 294 251 149 122 463 215 527 400 416 413 362 537 313 374 518 390 99 192 341 354 330 187 174 468 230 208 467 474 506 393 215 612 369 514 321 344 188 272 102 153 430 287 436 114 247 278 466 289 518 449 146 184 447 407 482 601 572 548 389 545 400 290 323 258 214 162 157 127 346 511 328 192 180 292 338 213 148 226 
305 393 280 291 62 217 -1 190 245 594 452 477 77 347 195 543 498 415 252 321 279 88 419 415 351 238 254 117 320 609 259 522 580 368 184 417 445 378 287 97 352 447 548 395 269 350 388 329 417 300 724 482 116 397 152 368 474 551 391 455 233 366 378 93 335 155 324 490 254 480 396 266 258 285 509 288 460 400 363 584 549 508 411 504 515 274 72 229 348 116 302 517 315 404 182 144 553 426 176 220 
234 566 444 480 129 407 190 -1 87 770 284 666 131 442 170 730 662 461 267 510 357 153 565 579 540 419 124 242 150 792 248 650 769 263 251 544 482 445 468 244 442 574 737 579 424 319 566 501 443 203 912 601 258 208 44 297 630 732 580 627 407 554 446 158 368 328 481 675 78 665 350 206 421 455 608 278 502 237 185 657 705 567 489 694 689 413 224 399 528 301 363 574 396 594 342 219 740 613 334 363 
313 636 461 521 192 460 245 87 -1 838 307 706 205 420 138 766 736 548 355 565 334 232 644 653 581 451 43 319 188 855 200 734 822 329 239 535 433 532 532 317 528 657 789 641 500 402 591 521 530 277 967 686 279 199 99 373 707 796 621 697 475 611 412 181 324 396 491 736 130 697 430 143 494 476 695 364 590 269 206 745 782 524 577 739 758 415 256 422 593 342 451 662 483 639 362 219 798 672 408 371 
730 203 543 396 646 397 594 770 838 -1 958 335 638 737 774 368 135 546 607 300 734 617 256 199 361 480 849 531 854 81 813 286 200 803 710 686 889 497 308 525 449 312 210 212 353 684 462 507 591 759 227 326 613 956 740 753 182 73 351 144 363 251 798 677 823 442 570 139 810 397 723 845 350 516 395 643 557 909 901 494 149 893 467 287 80 619 608 529 246 524 523 527 478 312 568 689 143 199 436 606 
234 763 725 740 391 653 452 284 307 958 -1 923 376 722 441 991 832 496 354 746 636 379 716 759 798 691 347 446 134 999 508 766 1002 172 533 828 740 513 688 463 540 695 973 799 607 310 840 779 456 200 1135 710 540 131 329 238 791 937 838 815 620 782 719 442 632 551 763 891 206 931 298 449 617 734 687 325 522 52 102 691 859 832 560 943 879 697 502 677 738 568 452 598 498 845 623 503 962 837 538 646 
734 291 279 186 540 271 477 666 706 335 923 -1 549 458 598 71 368 669 627 197 485 544 423 341 126 257 699 486 795 281 606 524 169 808 505 375 609 612 273 463 558 499 139 209 388 730 154 222 702 745 306 533 429 875 625 781 395 261 85 308 334 189 521 525 573 382 284 204 731 62 779 657 362 254 604 671 699 871 839 713 428 591 607 53 307 356 449 295 262 365 591 706 561 82 353 502 198 180 408 368 
233 435 357 364 31 282 77 131 205 638 376 549 -1 409 202 616 532 381 200 382 333 31 439 449 422 315 226 115 246 661 279 532 642 293 229 488 490 353 337 113 338 455 611 449 295 288 464 406 375 224 783 486 185 330 105 297 502 601 463 495 276 424 431 119 376 197 400 544 183 554 331 267 291 362 502 229 425 324 290 565 577 561 392 572 557 347 141 307 396 192 272 489 295 473 258 188 611 483 204 293 
640 579 193 341 379 375 347 442 420 737 722 458 409 -1 282 489 697 754 600 444 85 432 669 624 378 261 388 455 591 712 232 787 622 691 190 127 153 710 473 428 674 724 589 531 535 696 304 238 761 624 764 762 232 619 400 705 694 670 399 635 467 489 63 297 134 425 174 599 520 416 740 298 510 220 809 635 798 677 620 900 760 171 735 509 675 119 275 215 525 290 641 846 644 435 201 227 632 538 466 151 
396 577 336 420 174 379 195 170 138 774 441 598 202 282 -1 653 688 584 398 483 196 234 613 605 478 340 111 304 313 779 81 717 729 432 104 397 312 555 466 290 538 642 696 566 464 472 471 398 576 370 877 676 170 337 137 461 666 723 516 640 422 532 278 101 198 346 361 658 244 582 509 72 451 355 699 421 628 398 339 767 741 397 594 636 697 282 166 304 529 252 475 692 496 539 245 95 714 592 371 243 
804 354 324 251 605 341 543 730 766 368 991 71 616 489 653 -1 420 738 698 268 526 612 485 403 193 315 757 556 862 303 656 582 177 878 557 392 636 682 343 533 628 562 158 273 458 801 189 263 772 815 291 594 487 939 688 852 452 297 153 364 406 258 550 585 611 452 320 251 797 73 850 710 433 301 666 742 768 939 906 776 477 608 675 87 354 397 510 348 330 429 662 772 631 154 408 558 225 240 479 417 
601 117 508 361 544 328 498 662 736 135 832 368 532 697 688 420 -1 411 478 254 679 508 121 83 346 435 751 420 734 202 737 168 286 673 637 668 844 362 229 418 314 179 281 176 237 551 460 486 455 632 355 197 538 838 636 621 47 154 351 64 266 215 755 587 765 343 544 170 694 427 589 760 241 484 270 513 423 784 780 375 64 863 332 333 76 578 524 482 172 448 391 398 345 315 509 610 223 191 328 553 
273 400 629 540 411 444 415 461 548 546 496 669 381 754 584 738 411 -1 193 474 693 350 292 367 574 555 584 300 447 610 661 290 666 324 600 796 861 56 398 326 110 237 647 472 283 186 672 650 46 316 762 236 524 553 464 257 364 555 605 425 347 481 791 497 750 344 678 538 445 708 204 646 310 619 195 190 44 459 484 202 412 920 79 661 479 659 484 578 410 469 113 113 115 588 560 559 608 511 302 609 
122 418 510 462 231 363 252 267 355 607 354 627 200 600 398 698 478 193 -1 433 529 171 362 408 511 447 391 158 272 653 477 417 673 196 428 663 689 181 363 186 192 344 647 466 264 106 587 546 178 154 796 363 368 380 273 155 437 592 549 466 295 458 628 319 576 248 558 554 257 651 156 456 279 507 354 44 235 308 315 391 504 758 228 635 529 521 324 457 402 337 104 306 147 544 423 386 626 507 218 467 
544 141 254 106 381 105 321 510 565 300 746 197 382 444 483 268 254 474 433 -1 435 371 258 191 106 183 569 300 623 296 516 373 259 619 411 415 594 418 76 282 364 330 228 88 191 534 220 233 506 559 402 367 316 713 473 588 260 242 131 191 137 49 504 392 524 195 290 174 566 234 582 552 165 229 432 476 507 694 669 540 319 608 416 202 231 325 318 231 89 231 393 520 364 115 268 394 232 108 215 306 
561 561 206 341 303 350 279 357 334 734 636 485 333 85 196 526 679 693 529 435 -1 358 637 602 387 254 303 392 506 719 151 753 641 609 107 204 173 652 450 367 620 685 607 523 495 621 337 263 696 543 787 723 169 534 316 627 671 671 415 621 432 483 98 217 90 379 207 601 435 452 665 217 473 232 764 562 737 592 534 850 740 229 681 532 666 129 208 206 507 244 580 790 587 448 169 147 642 537 418 128 
217 414 368 361 60 274 88 153 232 617 379 544 31 432 234 612 508 350 171 371 358 -1 412 426 418 319 255 88 252 644 310 502 630 281 256 506 518 321 321 92 306 425 599 433 270 263 468 413 345 213 769 456 203 343 133 279 476 583 459 474 257 411 457 148 404 180 412 528 196 553 309 299 268 370 471 203 394 326 298 533 551 587 360 565 537 363 159 315 378 197 240 458 263 466 271 215 596 469 181 309 
484 131 493 358 456 294 419 565 644 256 716 423 439 669 613 485 121 292 362 258 637 412 -1 83 364 414 664 324 624 318 671 119 382 555 578 663 808 242 200 329 193 76 368 213 149 430 478 486 336 516 470 110 480 730 544 501 76 263 381 136 204 239 722 512 717 269 536 255 590 474 468 685 166 472 181 394 308 669 669 291 143 840 214 400 187 552 458 456 169 394 270 293 224 353 470 546 321 245 242 518 
531 52 440 297 461 251 415 579 653 199 759 341 449 624 605 403 83 367 408 191 602 426 83 -1 293 364 668 338 656 248 655 186 300 605 556 606 770 314 152 336 261 160 285 132 156 488 408 425 409 559 398 191 457 759 553 556 69 189 306 59 182 163 681 504 687 260 479 173 615 395 530 677 158 417 263 445 387 710 703 373 139 793 292 317 120 506 442 409 102 367 328 377 285 275 432 528 241 162 245 478 
613 241 185 60 413 149 351 540 581 361 798 126 422 378 478 193 346 574 511 106 387 418 364 293 -1 140 576 364 668 334 494 478 255 686 391 326 531 518 178 340 465 437 221 170 291 616 115 145 602 622 403 474 308 748 499 663 359 292 40 282 228 131 440 401 477 262 208 222 605 140 665 541 263 158 539 555 608 745 713 647 411 532 519 157 307 264 325 184 194 240 485 625 461 62 238 383 255 165 293 262 
531 318 79 87 299 122 238 419 451 480 691 257 315 261 340 315 435 555 447 183 254 319 414 364 140 -1 442 290 558 465 354 533 395 600 250 251 411 503 214 262 457 476 361 271 295 554 149 98 574 533 543 515 172 628 376 588 434 417 175 374 224 230 320 270 344 211 125 347 490 247 603 401 268 63 569 490 595 639 600 669 498 428 518 296 415 142 196 48 263 123 451 629 439 202 97 245 390 282 253 126 
355 647 445 517 208 463 254 124 43 849 347 699 226 388 111 757 751 584 391 569 303 255 664 668 576 442 -1 341 231 862 162 758 822 373 215 506 392 565 541 335 558 681 789 647 517 443 578 506 567 320 969 711 269 233 123 415 724 804 615 709 487 616 375 177 286 408 471 741 173 687 472 101 510 462 724 402 626 310 247 778 799 485 608 734 769 393 253 410 603 341 483 697 513 636 350 201 801 676 424 353 
248 329 352 311 134 215 117 242 319 531 446 486 115 455 304 556 420 300 158 300 392 88 324 338 364 290 341 -1 328 561 374 417 556 322 302 509 561 261 242 28 235 341 527 354 182 264 431 388 306 259 691 373 224 425 220 301 388 500 403 387 175 336 490 207 452 105 400 448 278 503 313 374 181 348 394 200 344 394 374 467 463 620 294 500 451 367 184 299 296 180 187 399 197 405 268 262 518 392 95 315 
175 654 590 610 258 527 320 150 188 854 134 795 246 591 313 862 734 447 272 623 506 252 624 656 668 558 231 328 -1 888 385 689 882 157 401 695 620 449 570 341 464 614 851 682 501 269 707 644 415 132 1019 635 405 108 194 216 696 827 709 710 503 662 591 307 509 430 628 776 72 800 280 331 506 599 624 258 481 86 46 649 767 709 497 817 774 562 367 543 624 436 377 558 419 718 488 369 846 719 423 511 
775 235 519 378 665 400 609 792 855 81 999 281 661 712 779 303 202 610 653 296 719 644 318 248 334 465 862 561 888 -1 811 363 127 850 706 648 865 559 324 551 508 381 145 214 391 737 422 476 654 801 152 399 612 986 760 804 249 61 314 189 386 247 774 686 809 464 540 121 839 343 779 848 382 492 471 692 625 948 935 572 229 861 532 229 131 597 614 513 265 526 577 600 534 277 558 690 83 187 465 591 
477 623 331 439 250 416 259 248 200 813 508 606 279 232 81 656 737 661 477 516 151 310 671 655 494 354 162 374 385 811 -1 779 750 511 104 355 235 630 510 357 610 706 716 602 522 553 468 393 654 450 898 741 200 395 217 542 719 758 529 685 473 565 213 167 124 402 345 690 319 582 590 66 506 354 768 501 705 468 406 840 793 324 667 649 739 264 213 311 572 290 551 768 570 556 256 126 741 624 432 239 
532 238 612 476 552 413 522 650 734 286 766 524 532 787 717 582 168 290 417 373 753 502 119 186 478 533 758 417 689 363 779 -1 455 596 689 782 925 256 319 428 226 76 449 317 259 461 593 604 337 570 514 55 593 797 635 535 130 321 492 217 320 349 839 616 832 379 655 336 665 580 490 788 279 591 111 440 289 722 732 208 137 958 213 495 244 671 568 575 284 508 314 245 269 461 587 656 391 344 347 636 
790 266 435 310 640 362 580 769 822 200 1002 169 642 622 729 177 286 666 673 259 641 630 382 300 255 395 822 556 882 127 750 455 -1 866 645 544 775 611 314 540 557 455 34 206 410 767 320 384 706 810 148 480 559 972 732 828 328 137 225 246 382 219 685 644 730 451 448 127 825 226 812 794 393 408 554 714 687 950 928 661 331 760 592 115 211 514 569 440 270 481 612 675 573 193 493 635 63 166 464 517 
75 615 649 632 318 537 368 263 329 803 172 808 293 691 432 878 673 324 196 619 609 281 555 605 686 600 373 322 157 850 511 596 866 -1 502 780 744 342 553 346 372 528 839 660 460 138 747 695 285 68 992 540 477 246 296 68 631 789 726 662 485 649 703 394 630 426 693 749 199 825 131 467 473 652 515 160 351 138 178 520 695 828 388 820 725 639 433 597 597 478 286 427 332 726 551 464 821 700 404 585 
454 522 235 335 198 313 184 251 239 710 533 505 229 190 104 557 637 600 428 411 107 256 578 556 391 250 215 302 401 706 104 689 645 502 -1 296 261 563 408 279 536 618 611 498 430 517 371 297 599 435 794 654 99 437 209 520 622 653 425 584 376 461 203 111 150 310 257 585 329 484 559 152 412 256 688 459 644 487 432 767 695 332 596 546 636 178 122 209 470 189 487 701 499 452 152 41 636 519 344 141 
722 556 172 309 461 374 417 544 535 686 828 375 488 127 397 392 668 796 663 415 204 506 663 606 326 251 506 509 695 648 355 782 544 780 296 -1 250 747 462 480 704 727 514 494 547 765 226 182 810 711 679 766 303 733 500 785 675 615 335 605 475 453 175 389 261 453 127 546 623 324 813 422 519 190 821 702 838 781 728 921 733 216 765 429 634 142 347 218 503 329 687 877 682 374 240 325 565 491 496 196 
706 727 346 493 459 518 445 482 433 889 740 609 490 153 312 636 844 861 689 594 173 518 808 770 531 411 392 561 620 865 235 925 775 744 261 250 -1 822 617 537 792 858 742 682 668 775 455 391 861 682 916 896 341 621 448 771 839 823 552 784 604 641 91 370 115 552 327 752 554 564 816 291 645 373 937 719 905 702 639 1022 907 97 853 661 826 270 377 363 672 417 748 960 757 589 338 303 785 690 591 291 
282 345 578 485 381 390 378 445 532 497 513 612 353 710 555 682 362 56 181 418 652 321 242 314 518 503 565 261 449 559 630 256 611 342 563 747 822 -1 342 285 54 194 592 416 226 205 617 597 95 322 711 200 483 557 443 279 315 503 548 372 292 424 749 464 713 293 627 484 439 652 234 620 254 567 175 192 92 472 489 213 369 878 47 604 428 611 444 529 354 422 81 138 65 532 513 522 554 455 251 563 
477 113 292 159 341 99 287 468 532 308 688 273 337 473 466 343 229 398 363 76 450 321 200 152 178 214 541 242 570 324 510 319 314 553 408 462 617 342 -1 229 289 267 286 112 115 462 286 286 430 496 448 305 309 664 435 518 221 264 206 175 68 95 529 368 535 141 335 207 517 309 510 537 89 271 366 406 431 636 616 472 290 642 341 273 230 355 300 258 62 219 318 447 288 190 280 384 275 149 150 325 
273 322 324 286 126 192 97 244 317 525 463 463 113 428 290 533 418 326 186 282 367 92 329 336 340 262 335 28 341 551 357 428 540 346 279 480 537 285 229 -1 256 352 510 341 182 292 404 360 333 282 677 385 198 435 217 328 389 490 380 382 164 320 465 190 430 88 371 436 288 479 341 360 177 320 411 229 370 411 388 487 465 594 316 480 445 339 159 270 286 151 213 423 220 383 240 240 504 377 90 286 
306 291 534 435 364 341 352 442 528 449 540 558 338 674 538 628 314 110 192 364 620 306 193 261 465 457 558 235 464 508 610 226 557 372 536 704 792 54 289 256 -1 155 538 361 174 240 567 549 148 343 659 171 450 573 434 313 268 451 495 320 241 370 716 442 686 251 582 430 445 598 275 605 202 521 166 214 142 496 507 231 326 844 61 550 378 571 414 485 299 384 88 173 45 478 475 496 501 401 209 524 
461 208 555 426 476 354 447 574 657 312 695 499 455 724 642 562 179 237 344 330 685 425 76 160 437 476 681 341 614 381 706 76 455 528 618 727 858 194 267 352 155 -1 443 289 189 396 550 553 282 497 534 38 523 722 559 469 132 330 456 208 256 314 774 541 762 308 600 329 589 550 428 713 213 536 104 369 245 651 658 214 175 895 157 477 252 610 496 515 243 440 243 221 197 428 522 583 393 322 274 572 
763 247 401 276 608 330 548 737 789 210 973 139 611 589 696 158 281 647 647 228 607 599 368 285 221 361 789 527 851 145 716 449 34 839 611 514 742 592 286 510 538 443 -1 181 386 742 289 351 686 782 182 470 525 941 700 802 319 141 191 235 354 190 652 611 697 422 415 113 794 199 788 760 367 375 544 689 671 920 897 652 330 729 576 86 208 481 536 406 245 448 589 662 552 159 459 602 67 140 436 483 
584 81 338 189 452 187 395 579 641 212 799 209 449 531 566 273 176 472 466 88 523 433 213 132 170 271 647 354 682 214 602 317 206 660 498 494 682 416 112 341 361 289 181 -1 204 561 283 311 509 605 336 323 402 776 546 621 192 157 176 112 179 41 591 472 612 253 371 95 629 262 607 636 186 313 394 508 498 747 728 503 241 693 404 191 144 412 400 319 64 314 408 499 372 143 356 479 163 40 260 395 
384 155 375 262 309 174 269 424 500 353 607 388 295 535 464 458 237 283 264 191 495 270 149 156 291 295 517 182 501 391 522 259 410 460 430 547 668 226 115 182 174 189 386 204 -1 356 394 382 314 409 532 227 334 602 400 418 207 330 322 209 71 203 585 362 573 120 421 289 458 425 402 536 28 358 275 305 316 557 547 373 282 707 229 385 273 423 309 330 140 250 205 338 173 306 333 397 362 245 93 383 
95 506 615 568 318 468 350 319 402 684 310 730 288 696 472 801 551 186 106 534 621 263 430 488 616 554 443 264 269 737 553 461 767 138 517 765 775 205 462 292 240 396 742 561 356 -1 693 652 148 137 883 406 466 372 337 73 506 677 653 547 396 557 719 406 660 354 663 644 283 756 49 522 375 613 377 63 215 273 302 384 567 849 251 735 609 623 422 562 497 442 160 292 205 647 526 476 717 602 322 569 
677 356 136 132 448 230 388 566 591 462 840 154 464 304 471 189 460 672 587 220 337 468 478 408 115 149 578 431 707 422 468 593 320 747 371 226 455 617 286 404 567 550 289 283 394 693 -1 74 697 680 460 587 312 774 522 732 474 390 112 396 325 246 367 413 423 341 131 323 638 115 743 524 365 116 651 630 709 788 748 758 524 440 624 206 416 208 342 169 309 272 576 732 557 150 228 376 339 273 378 230 
627 374 61 128 387 208 329 501 521 507 779 222 406 238 398 263 486 650 546 233 263 413 486 425 145 98 506 388 644 476 393 604 384 695 297 182 391 597 286 360 549 553 351 311 382 652 74 -1 670 627 528 592 243 707 456 686 493 437 161 422 310 271 301 344 350 308 64 368 574 190 701 449 353 45 651 589 689 727 684 754 551 386 609 272 452 134 277 101 323 216 548 719 534 199 159 304 395 310 349 155 
241 440 646 566 406 467 417 443 530 591 456 702 375 761 576 772 455 46 178 506 696 345 336 409 602 574 567 306 415 654 654 337 706 285 599 810 861 95 430 333 148 282 686 509 314 148 697 670 -1 284 806 282 529 520 451 217 408 597 635 467 374 515 795 493 749 362 695 579 420 739 161 635 340 637 240 166 66 422 450 235 458 925 125 696 523 671 488 594 446 481 123 143 141 620 572 558 649 549 321 620 
43 565 581 568 249 474 300 203 277 759 200 745 224 624 370 815 632 316 154 559 543 213 516 559 622 533 320 259 132 801 450 570 810 68 435 711 682 322 496 282 343 497 782 605 409 137 680 627 284 -1 940 515 408 237 233 95 591 740 662 616 428 592 637 327 566 365 624 696 150 760 154 409 420 584 498 130 350 153 168 517 659 763 370 760 679 571 365 529 543 411 255 426 300 665 482 396 768 644 346 517 
916 377 581 458 783 506 724 912 967 227 1135 306 783 764 877 291 355 762 796 402 787 769 470 398 403 543 969 691 1019 152 898 514 148 992 794 679 916 711 448 677 659 534 182 336 532 883 460 528 806 940 -1 551 707 1112 876 948 402 208 372 338 515 358 827 791 876 589 590 243 965 355 926 942 519 555 622 836 777 1083 1065 722 377 896 685 255 283 660 716 588 396 628 724 753 682 341 641 784 172 300 597 665 
477 242 594 464 507 393 482 601 686 326 710 533 486 762 676 594 197 236 363 367 723 456 110 191 474 515 711 373 635 399 741 55 480 540 654 766 896 200 305 385 171 38 470 323 227 406 587 592 282 515 551 -1 559 743 588 479 153 351 492 235 294 349 812 575 799 345 638 357 613 585 434 746 251 575 73 385 237 667 678 182 181 934 157 508 273 648 532 554 280 478 259 201 215 464 561 619 417 354 309 610 
418 423 185 250 159 215 116 258 279 613 540 429 185 232 170 487 538 524 368 316 169 203 480 457 308 172 269 224 405 612 200 593 559 477 99 303 341 483 309 198 450 523 525 402 334 466 312 243 529 408 707 559 -1 464 214 482 523 558 346 485 277 366 266 101 239 214 223 491 334 418 512 236 314 198 597 405 568 490 444 681 595 396 512 466 538 162 44 143 371 90 411 620 417 369 84 77 545 425 251 108 
279 754 649 688 335 612 397 208 199 956 131 875 330 619 337 939 838 553 380 713 534 343 730 759 748 628 233 425 108 986 395 797 972 246 437 733 621 557 664 435 573 722 941 776 602 372 774 707 520 237 1112 743 464 -1 252 312 801 925 789 811 599 754 609 362 518 523 683 872 147 874 376 332 606 662 732 365 586 119 69 754 873 716 605 901 875 611 432 606 721 510 485 663 527 801 548 413 940 812 521 564 
259 537 399 439 94 369 152 44 99 740 329 625 105 400 137 688 636 464 273 473 316 133 544 553 499 376 123 220 194 760 217 635 732 296 209 500 448 443 435 217 434 559 700 546 400 337 522 456 451 233 876 588 214 252 -1 324 607 700 539 598 377 518 407 113 333 297 436 641 122 622 373 185 395 411 601 290 507 280 230 656 682 531 485 654 660 368 180 355 496 259 361 576 390 554 297 175 705 578 308 318 
65 571 644 612 326 514 368 297 373 753 238 781 297 705 461 852 621 257 155 588 627 279 501 556 663 588 415 301 216 804 542 535 828 68 520 785 771 279 518 328 313 469 802 621 418 73 732 686 217 95 948 479 482 312 324 -1 577 743 701 615 451 614 723 409 656 400 690 707 245 803 64 503 434 644 450 113 283 206 242 452 639 850 325 790 677 643 437 591 557 471 230 360 276 699 550 480 780 662 373 588 
559 119 510 366 516 321 474 630 707 182 791 395 502 694 666 452 47 364 437 260 671 476 76 69 359 434 724 388 696 249 719 130 328 631 622 675 839 315 221 389 268 132 319 192 207 506 474 493 408 591 402 153 523 801 607 577 -1 199 369 87 246 227 750 565 755 320 549 206 659 452 544 738 215 487 226 470 376 744 742 333 75 863 285 364 120 576 506 479 171 433 346 352 300 335 501 593 264 215 300 547 
714 174 476 331 606 344 551 732 796 73 937 261 601 670 723 297 154 555 592 242 671 583 263 189 292 417 804 500 827 61 758 321 137 789 653 615 823 503 264 490 451 330 141 157 330 677 390 437 597 740 208 351 558 925 700 743 199 -1 279 130 325 192 732 629 761 404 501 70 778 324 719 793 321 449 424 631 571 887 873 529 193 824 478 214 78 553 557 465 204 471 517 551 474 240 508 635 75 135 404 543 
652 253 210 100 454 188 391 580 621 351 838 85 463 399 516 153 351 605 549 131 415 459 381 306 40 175 615 403 709 314 529 492 225 726 425 335 552 548 206 380 495 456 191 176 322 653 112 161 635 662 372 492 346 789 539 701 369 279 -1 287 261 143 462 440 505 301 226 211 645 104 702 577 295 183 560 593 638 786 754 669 415 546 548 120 304 289 364 217 213 280 520 652 493 38 273 420 233 162 330 293 
588 62 446 298 505 272 455 627 697 144 815 308 495 635 640 364 64 425 466 191 621 474 136 59 282 374 709 387 710 189 685 217 246 662 584 605 784 372 175 382 320 208 235 112 209 547 396 422 467 616 338 235 485 811 598 615 87 130 287 -1 222 151 694 541 708 301 481 121 666 366 589 712 206 421 309 503 443 765 756 417 128 800 349 277 63 516 475 421 114 395 387 429 344 252 451 559 185 129 292 494 
409 160 303 193 283 102 233 407 475 363 620 334 276 467 422 406 266 347 295 137 432 257 204 182 228 224 487 175 503 386 473 320 382 485 376 475 604 292 68 164 241 256 354 179 71 396 325 310 374 428 515 294 277 599 377 451 246 325 261 222 -1 164 519 321 513 79 349 272 452 365 444 494 44 286 345 339 383 568 550 445 320 639 299 339 282 354 260 260 121 189 258 409 233 251 267 346 342 217 81 316 
573 110 297 148 425 153 366 554 611 251 782 189 424 489 532 258 215 481 458 49 483 411 239 163 131 230 616 336 662 247 565 349 219 649 461 453 641 424 95 320 370 314 190 41 203 557 246 271 515 592 358 349 366 754 518 614 227 192 143 151 164 -1 550 439 572 232 330 125 607 236 604 601 181 272 418 501 510 730 708 528 280 652 417 181 185 371 367 278 72 279 409 516 376 114 317 443 187 60 245 354 
657 637 255 402 401 430 378 446 412 798 719 521 431 63 278 550 755 791 628 504 98 457 722 681 440 320 375 490 591 774 213 839 685 703 203 175 91 749 529 465 716 774 652 591 585 719 367 301 795 637 827 812 266 609 407 723 750 732 462 694 519 550 -1 314 95 471 237 661 522 478 762 279 561 282 856 661 835 676 617 945 817 130 777 572 735 178 307 273 582 335 678 887 684 498 252 244 694 599 511 204 
344 478 287 341 88 287 93 158 181 677 442 525 119 297 101 585 587 497 319 392 217 148 512 504 401 270 177 207 307 686 167 616 644 394 111 389 370 464 368 190 442 541 611 472 362 406 413 344 493 327 791 575 101 362 113 409 565 629 440 541 321 439 314 -1 256 245 322 565 236 517 448 173 349 299 601 349 541 393 344 673 640 443 500 558 599 255 75 244 431 163 385 602 402 459 185 70 624 500 270 204 
590 648 295 431 345 436 335 368 324 823 632 573 376 134 198 611 765 750 576 524 90 404 717 687 477 344 286 452 509 809 124 832 730 630 150 261 115 713 535 430 686 762 697 612 573 660 423 350 749 566 876 799 239 518 333 656 755 761 505 708 513 572 95 256 -1 454 291 691 441 537 700 186 552 321 836 604 795 592 530 917 826 200 746 621 755 216 271 296 594 323 637 852 650 538 256 191 732 626 490 218 
351 239 285 213 203 114 155 328 396 442 551 382 197 425 346 452 343 344 248 195 379 180 269 260 262 211 408 105 430 464 402 379 451 426 310 453 552 293 141 88 251 308 422 253 120 354 341 308 362 365 589 345 214 523 297 400 320 404 301 301 79 232 471 245 454 -1 334 348 376 402 404 418 104 275 385 293 385 498 476 475 395 597 313 395 362 320 189 235 199 135 239 424 228 300 224 277 416 289 42 274 
629 430 48 183 378 247 324 481 491 570 763 284 400 174 361 320 544 678 558 290 207 412 536 479 208 125 471 400 628 540 345 655 448 693 257 127 327 627 335 371 582 600 415 371 421 663 131 64 695 624 590 638 223 683 436 690 549 501 226 481 349 330 237 322 291 334 -1 431 557 246 711 405 393 63 694 599 719 713 666 795 609 323 643 335 513 81 262 101 377 221 572 754 562 263 142 271 459 372 376 119 
673 139 405 260 547 278 490 675 736 139 891 204 544 599 658 251 170 538 554 174 601 528 255 173 222 347 741 448 776 121 690 336 127 749 585 546 752 484 207 436 430 329 113 95 289 644 323 368 579 696 243 357 491 872 641 707 206 70 211 121 272 125 661 565 691 348 431 -1 724 266 689 726 275 379 430 594 560 840 823 539 225 754 465 164 103 483 492 395 153 405 487 549 448 172 438 568 72 66 353 473 
189 608 519 545 191 466 254 78 130 810 206 731 183 520 244 797 694 445 257 566 435 196 590 615 605 490 173 278 72 839 319 665 825 199 329 623 554 439 517 288 445 589 794 629 458 283 638 574 420 150 965 613 334 147 122 245 659 778 645 666 452 607 522 236 441 376 557 724 -1 734 305 269 460 529 610 255 484 158 110 646 732 641 485 756 729 490 297 473 573 369 361 559 400 656 417 297 792 665 374 440 
752 343 250 192 542 289 480 665 697 397 931 62 554 416 582 73 427 708 651 234 452 553 474 395 140 247 687 503 800 343 582 580 226 825 484 324 564 652 309 479 598 550 199 262 425 756 115 190 739 760 355 585 418 874 622 803 452 324 104 366 365 236 478 517 537 402 246 266 734 -1 805 637 398 228 655 695 741 879 843 764 488 540 650 113 369 323 443 277 309 364 624 752 597 122 337 486 260 237 433 343 
116 550 664 618 361 518 396 350 430 723 298 779 331 740 509 850 589 204 156 582 665 309 468 530 665 603 472 313 280 779 590 490 812 131 559 813 816 234 510 341 275 428 788 607 402 49 743 701 161 154 926 434 512 376 373 64 544 719 702 589 444 604 762 448 700 404 711 689 305 805 -1 556 422 662 399 112 225 269 307 393 602 891 277 783 649 670 467 611 543 490 201 300 245 696 574 518 761 648 371 616 
440 649 387 484 241 449 266 206 143 845 449 657 267 298 72 710 760 646 456 552 217 299 685 677 541 401 101 374 331 848 66 788 794 467 152 422 291 620 537 360 605 713 760 636 536 522 524 449 635 409 942 746 236 332 185 503 738 793 577 712 494 601 279 173 186 418 405 726 269 637 556 -1 523 408 768 475 689 411 348 833 813 384 660 698 768 325 236 362 600 321 539 756 563 602 304 159 781 660 443 294 
398 148 347 234 302 146 258 421 494 350 617 362 291 510 451 433 241 310 279 165 473 268 166 158 263 268 510 181 506 382 506 279 393 473 412 519 645 254 89 177 202 213 367 186 28 375 365 353 340 420 519 251 314 606 395 434 215 321 295 206 44 181 561 349 552 104 393 275 460 398 422 523 -1 330 301 321 344 566 553 401 291 682 258 361 269 397 293 304 123 229 228 367 198 280 309 380 347 227 87 358 
585 369 27 123 343 184 285 455 476 516 734 254 362 220 355 301 484 619 507 229 232 370 472 417 158 63 462 348 599 492 354 591 408 652 256 190 373 567 271 320 521 536 375 313 358 613 116 45 637 584 555 575 198 662 411 644 487 449 183 421 286 272 282 299 321 275 63 379 529 228 662 408 330 -1 631 549 659 683 639 732 548 380 581 300 456 106 231 56 315 173 514 693 503 217 114 260 413 317 316 115 
457 312 649 525 527 447 509 608 695 395 687 604 502 809 699 666 270 195 354 432 764 471 181 263 539 569 724 394 624 471 768 111 554 515 688 821 937 175 366 411 166 104 544 394 275 377 651 651 240 498 622 73 597 732 601 450 226 424 560 309 345 418 856 601 836 385 694 430 610 655 399 768 301 631 -1 368 184 647 665 109 247 981 127 581 346 698 565 606 347 520 249 134 212 533 607 651 491 426 346 657 
91 458 552 506 260 407 288 278 364 643 325 671 229 635 421 742 513 190 44 476 562 203 394 445 555 490 402 200 258 692 501 440 714 160 459 702 719 192 406 229 214 369 689 508 305 63 630 589 166 130 836 385 405 365 290 113 470 631 593 503 339 501 661 349 604 293 599 594 255 695 112 475 321 549 368 -1 229 282 297 393 535 791 240 678 566 560 360 499 444 378 126 304 172 588 463 417 667 549 263 506 
307 424 670 577 455 482 460 502 590 557 522 699 425 798 628 768 423 44 235 507 737 394 308 387 608 595 626 344 481 625 705 289 687 351 644 838 905 92 431 370 142 245 671 498 316 215 709 689 66 350 777 237 568 586 507 283 376 571 638 443 383 510 835 541 795 385 719 560 484 741 225 689 344 659 184 229 -1 488 517 169 417 964 94 688 494 701 528 620 438 512 157 76 156 620 603 603 628 537 343 652 
190 713 674 687 340 601 400 237 269 909 52 871 324 677 398 939 784 459 308 694 592 326 669 710 745 639 310 394 86 948 468 722 950 138 487 781 702 472 636 411 496 651 920 747 557 273 788 727 422 153 1083 667 490 119 280 206 744 887 786 765 568 730 676 393 592 498 713 840 158 879 269 411 566 683 647 282 488 -1 65 657 812 793 520 891 829 648 452 626 687 516 408 565 453 793 572 456 911 785 486 597 
210 701 629 654 301 572 363 185 206 901 102 839 290 620 339 906 780 484 315 669 534 298 669 703 713 600 247 374 46 935 406 732 928 178 432 728 639 489 616 388 507 658 897 728 547 302 748 684 450 168 1065 678 444 69 230 242 742 873 754 756 550 708 617 344 530 476 666 823 110 843 307 348 553 639 665 297 517 65 -1 685 813 731 537 862 820 598 407 583 671 478 419 594 462 763 527 402 892 765 469 548 
475 422 748 630 592 548 584 657 745 494 691 713 565 900 767 776 375 202 391 540 850 533 291 373 647 669 778 467 649 572 840 208 661 520 767 921 1022 213 472 487 231 214 652 503 373 384 758 754 235 517 722 182 681 754 656 452 333 529 669 417 445 528 945 673 917 475 795 539 646 764 393 833 401 732 109 393 169 657 685 -1 344 1071 173 690 451 794 646 703 456 610 295 92 270 642 699 728 597 536 434 749 
625 180 572 425 591 389 549 705 782 149 859 428 577 760 741 477 64 412 504 319 740 551 143 139 411 498 799 463 767 229 793 137 331 695 695 733 907 369 290 465 326 175 330 241 282 567 524 551 458 659 377 181 595 873 682 639 75 193 415 128 320 280 817 640 826 395 609 225 732 488 602 813 291 548 247 535 417 812 813 344 -1 927 332 390 123 641 580 545 235 506 409 381 363 378 570 666 267 254 375 615 
785 746 354 503 530 545 508 567 524 893 832 591 561 171 397 608 863 920 758 608 229 587 840 793 532 428 485 620 709 861 324 958 760 828 332 216 97 878 642 594 844 895 729 693 707 849 440 386 925 763 896 934 396 716 531 850 863 824 546 800 639 652 130 443 200 597 323 754 641 540 891 384 682 380 981 791 964 793 731 1071 927 -1 905 645 836 287 437 384 692 461 807 1015 813 584 373 373 779 696 637 323 
330 329 595 492 419 400 411 489 577 467 560 607 392 735 594 675 332 79 228 416 681 360 214 292 519 518 608 294 497 532 667 213 592 388 596 765 853 47 341 316 61 157 576 404 229 251 624 609 125 370 685 157 512 605 485 325 285 478 548 349 299 417 777 500 746 313 643 465 485 650 277 660 258 581 127 240 94 520 537 173 332 905 -1 595 401 633 475 547 345 446 126 111 97 528 536 556 533 442 271 586 
745 269 326 217 566 290 504 694 739 287 943 53 572 509 636 87 333 661 635 202 532 565 400 317 157 296 734 500 817 229 649 495 115 820 546 429 661 604 273 480 550 477 86 191 385 735 206 272 696 760 255 508 466 901 654 790 364 214 120 277 339 181 572 558 621 395 335 164 756 113 783 698 361 300 581 678 688 891 862 690 390 645 595 -1 267 404 482 337 250 396 590 690 557 99 394 541 147 154 417 413 
652 122 482 333 566 323 515 689 758 80 879 307 557 675 697 354 76 479 529 231 666 537 187 120 307 415 769 451 774 131 739 244 211 725 636 634 826 428 230 445 378 252 208 144 273 609 416 452 523 679 283 273 538 875 660 677 120 78 304 63 282 185 735 599 755 362 513 103 729 369 649 768 269 456 346 566 494 829 820 451 123 836 401 267 -1 556 531 463 168 448 448 473 404 266 498 613 147 143 355 538 
580 460 79 223 321 258 274 413 415 619 697 356 347 119 282 397 578 659 521 325 129 363 552 506 264 142 393 367 562 597 264 671 514 639 178 142 270 611 355 339 571 610 481 412 423 623 208 134 671 571 660 648 162 611 368 643 576 553 289 516 354 371 178 255 216 320 81 483 490 323 670 325 397 106 698 560 701 648 598 794 641 287 633 404 556 -1 206 96 406 190 548 744 546 323 98 197 519 420 362 54 
374 412 222 265 115 214 72 224 256 608 502 449 141 275 166 510 524 484 324 318 208 159 458 442 325 196 253 184 367 614 213 568 569 433 122 347 377 444 300 159 414 496 536 400 309 422 342 277 488 365 716 532 44 432 180 437 506 557 364 475 260 367 307 75 271 189 262 492 297 443 467 236 293 231 565 360 528 452 407 646 580 437 475 482 531 206 -1 175 363 88 371 582 380 383 120 87 550 427 222 152 
531 364 53 135 287 162 229 399 422 529 677 295 307 215 304 348 482 578 457 231 206 315 456 409 184 48 410 299 543 513 311 575 440 597 209 218 363 529 258 270 485 515 406 319 330 562 169 101 594 529 588 554 143 606 355 591 479 465 217 421 260 278 273 244 296 235 101 395 473 277 611 362 304 56 606 499 620 626 583 703 545 384 547 337 463 96 175 -1 310 120 471 658 463 246 60 209 437 331 277 78 
521 54 338 194 402 157 348 528 593 246 738 262 396 525 529 330 172 410 402 89 507 378 169 102 194 263 603 296 624 265 572 284 270 597 470 503 672 354 62 286 299 243 245 64 140 497 309 323 446 543 396 280 371 721 496 557 171 204 213 114 121 72 582 431 594 199 377 153 573 309 543 600 123 315 347 444 438 687 671 456 235 692 345 250 168 406 363 310 -1 281 344 444 308 186 337 446 224 105 201 381 
411 333 174 179 177 127 116 301 342 524 568 365 192 290 252 429 448 469 337 231 244 197 394 367 240 123 341 180 436 526 290 508 481 478 189 329 417 422 219 151 384 440 448 314 250 442 272 216 481 411 628 478 90 510 259 471 433 471 280 395 189 279 335 163 323 135 221 405 369 364 490 321 229 173 520 378 512 516 478 610 506 461 446 396 448 190 88 120 281 -1 358 556 356 296 91 165 462 339 176 140 
218 348 523 446 301 346 302 363 451 523 452 591 272 641 475 662 391 113 104 393 580 240 270 328 485 451 483 187 377 577 551 314 612 286 487 687 748 81 318 213 88 243 589 408 205 160 576 548 123 255 724 259 411 485 361 230 346 517 520 387 258 409 678 385 637 239 572 487 361 624 201 539 228 514 249 126 157 408 419 295 409 807 126 590 448 548 371 471 344 358 -1 217 46 508 450 446 560 449 199 498 
383 420 706 601 518 511 517 574 662 527 598 706 489 846 692 772 398 113 306 520 790 458 293 377 625 629 697 399 558 600 768 245 675 427 701 877 960 138 447 423 173 221 662 499 338 292 732 719 143 426 753 201 620 663 576 360 352 551 652 429 409 516 887 602 852 424 754 549 559 752 300 756 367 693 134 304 76 565 594 92 381 1015 111 690 473 744 582 658 444 556 217 -1 202 630 647 661 614 535 382 697 
264 308 514 425 322 328 315 396 483 478 498 561 295 644 496 631 345 115 147 364 587 263 224 285 461 439 513 197 419 534 570 269 573 332 499 682 757 65 288 220 45 197 552 372 173 205 557 534 141 300 682 215 417 527 390 276 300 474 493 344 233 376 684 402 650 228 562 448 400 597 245 563 198 503 212 172 156 453 462 270 363 813 97 557 404 546 380 463 308 356 46 202 -1 479 448 459 519 412 186 497 
652 223 244 119 466 192 404 594 639 312 845 82 473 435 539 154 315 588 544 115 448 466 353 275 62 202 636 405 718 277 556 461 193 726 452 374 589 532 190 383 478 428 159 143 306 647 150 199 620 665 341 464 369 801 554 699 335 240 38 252 251 114 498 459 538 300 263 172 656 122 696 602 280 217 533 588 620 793 763 642 378 584 528 99 266 323 383 246 186 296 508 630 479 -1 300 444 196 124 325 324 
488 391 102 183 235 180 182 342 362 568 623 353 258 201 245 408 509 560 423 268 169 271 470 432 238 97 350 268 488 558 256 587 493 551 152 240 338 513 280 240 475 522 459 356 333 526 228 159 572 482 641 561 84 548 297 550 501 508 273 451 267 317 252 185 256 224 142 438 417 337 574 304 309 114 607 463 603 572 527 699 570 373 536 394 498 98 120 60 337 91 450 647 448 300 -1 149 486 373 266 50 
414 497 243 325 157 292 144 219 219 689 503 502 188 227 95 558 610 559 386 394 147 215 546 528 383 245 201 262 369 690 126 656 635 464 41 325 303 522 384 240 496 583 602 479 397 476 376 304 558 396 784 619 77 413 175 480 593 635 420 559 346 443 244 70 191 277 271 568 297 486 518 159 380 260 651 417 603 456 402 728 666 373 556 541 613 197 87 209 446 165 446 661 459 444 149 -1 622 502 309 152 
745 211 440 303 612 338 553 740 798 143 962 198 611 632 714 225 223 608 626 232 642 596 321 241 255 390 801 518 846 83 741 391 63 821 636 565 785 554 275 504 501 393 67 163 362 717 339 395 649 768 172 417 545 940 705 780 264 75 233 185 342 187 694 624 732 416 459 72 792 260 761 781 347 413 491 667 628 911 892 597 267 779 533 147 147 519 550 437 224 462 560 614 519 196 486 622 -1 127 424 515 
624 115 344 197 484 213 426 613 672 199 837 180 483 538 592 240 191 511 507 108 537 469 245 162 165 282 676 392 719 187 624 344 166 700 519 491 690 455 149 377 401 322 140 40 245 602 273 310 549 644 300 354 425 812 578 662 215 135 162 129 217 60 599 500 626 289 372 66 665 237 648 660 227 317 426 549 537 785 765 536 254 696 442 154 143 420 427 331 105 339 449 535 412 124 373 502 127 -1 299 408 
329 233 327 248 216 148 176 334 408 436 538 408 204 466 371 479 328 302 218 215 418 181 242 245 293 253 424 95 423 465 432 347 464 404 344 496 591 251 150 90 209 274 436 260 93 322 378 349 321 346 597 309 251 521 308 373 300 404 330 292 81 245 511 270 490 42 376 353 374 433 371 443 87 316 346 263 343 486 469 434 375 637 271 417 355 362 222 277 201 176 199 382 186 325 266 309 424 299 -1 316 
525 435 93 213 267 226 220 363 371 606 646 368 293 151 243 417 553 609 467 306 128 309 518 478 262 126 353 315 511 591 239 636 517 585 141 196 291 563 325 286 524 572 483 395 383 569 230 155 620 517 665 610 108 564 318 588 547 543 293 494 316 354 204 204 218 274 119 473 440 343 616 294 358 115 657 506 652 597 548 749 615 323 586 413 538 54 152 78 381 140 498 697 497 324 50 152 515 408 316 -1 
