100
-1 391 311 541 374 372 494 434 852 142 262 468 459 498 113 597 195 223 433 434 553 199 579 338 170 241 553 374 117 176 481 260 325 76 218 259 186 556 112 641 94 245 491 349 595 309 546 40 88 235 369 339 39 714 371 241 157 682 485 179 110 191 121 452 428 64 253 163 271 290 502 317 189 119 224 443 330 226 156 509 176 91 302 436 273 567 95 119 144 592 403 209 111 674 543 498 553 117 598 591 
391 -1 86 674 35 571 112 65 785 323 267 761 351 243 389 284 583 597 43 257 276 498 473 59 230 303 856 743 437 513 438 385 312 337 418 563 407 220 351 480 364 233 174 507 874 153 428 393 309 292 129 287 426 606 22 628 522 305 478 570 402 357 299 157 331 379 343 481 139 383 563 671 202 507 177 483 127 179 248 702 248 320 539 696 340 178 452 272 534 424 67 306 441 746 596 728 491 484 909 215 
311 86 -1 654 86 534 182 122 813 237 190 709 371 297 324 357 501 524 123 286 339 437 501 61 145 223 803 673 352 427 447 349 300 264 334 505 353 297 286 521 279 152 243 475 827 144 456 310 233 255 100 281 348 639 64 551 437 391 481 489 316 272 232 216 345 294 308 395 98 354 555 604 128 425 117 475 71 93 180 670 161 235 493 650 263 264 368 191 452 465 95 222 372 742 591 689 508 400 855 301 
541 674 654 -1 639 175 777 739 422 661 748 297 375 540 430 636 609 473 710 462 574 359 356 621 608 746 356 486 654 691 286 315 361 496 758 333 358 653 447 440 629 711 610 195 321 521 370 582 521 402 754 387 522 393 669 531 650 800 237 574 651 720 484 583 375 604 350 693 556 302 133 421 563 580 547 201 719 637 515 102 644 599 249 223 789 764 621 566 579 440 732 718 436 149 129 169 295 626 405 740 
374 35 86 639 -1 538 143 100 753 319 276 730 318 218 363 271 568 575 74 224 256 470 441 35 220 309 825 719 429 505 403 352 277 315 420 535 377 210 326 451 355 239 157 474 842 119 397 380 289 260 154 252 407 576 39 607 511 311 443 553 395 357 275 133 297 367 310 474 111 349 528 645 184 492 153 448 143 174 225 668 243 308 508 664 349 192 441 256 518 395 100 309 417 711 561 694 458 472 879 220 
372 571 534 175 538 -1 682 635 562 500 597 220 353 499 265 608 435 304 612 413 546 184 396 514 461 590 309 345 482 517 294 186 276 336 590 162 198 607 288 483 463 564 552 70 310 420 390 412 364 280 629 309 350 484 562 363 474 757 259 400 482 557 333 518 339 436 228 519 439 190 198 269 425 405 419 199 592 498 373 141 493 438 74 138 631 694 448 413 404 462 622 561 264 320 229 156 341 451 366 684 
494 112 182 777 143 682 -1 60 849 407 324 874 434 296 500 295 682 706 69 336 310 610 544 172 326 364 968 853 526 599 526 496 417 445 486 676 519 227 462 535 455 300 211 617 986 262 500 491 415 404 159 389 530 668 127 733 615 250 569 671 490 429 409 215 419 473 453 565 251 492 661 782 309 607 288 581 183 271 357 810 335 415 652 808 392 118 546 374 634 482 94 375 551 840 691 838 571 578 1022 175 
434 65 122 739 100 635 60 -1 840 348 269 822 412 291 443 312 621 647 38 316 316 555 531 121 266 309 916 795 466 539 501 449 378 386 430 621 466 245 406 531 395 243 213 572 936 218 486 431 356 356 107 353 470 660 73 673 554 296 542 611 430 371 352 205 393 413 407 506 199 448 628 725 250 546 232 548 126 210 300 767 275 355 601 758 339 163 486 314 573 476 36 318 494 811 661 792 552 518 970 213 
852 785 813 422 753 562 849 840 -1 929 972 719 442 553 742 585 978 862 802 529 546 721 312 757 841 987 771 902 968 1025 380 592 547 784 1044 721 672 640 740 317 920 930 638 536 724 671 357 889 795 633 905 549 848 181 793 921 994 741 367 944 953 990 752 636 470 903 601 1016 729 561 368 831 783 930 747 410 884 844 756 524 882 875 627 645 1034 778 946 822 937 367 852 968 774 294 333 589 310 961 815 728 
142 323 237 661 319 500 407 348 929 -1 123 611 504 496 234 578 287 358 359 451 547 338 635 285 105 99 696 508 119 191 549 356 383 165 117 401 303 525 213 681 56 117 464 466 737 302 595 113 141 296 260 385 179 775 301 364 210 628 565 286 83 61 182 430 473 86 333 158 245 380 603 457 162 219 205 534 227 145 173 640 76 61 434 576 133 501 146 107 246 627 313 67 251 784 644 635 621 177 741 538 
262 267 190 748 276 597 324 269 972 123 -1 727 532 484 338 547 407 482 291 461 528 450 665 250 140 40 814 632 233 295 594 433 430 265 164 515 398 486 309 697 180 41 433 554 852 307 622 237 234 355 165 423 301 806 246 488 324 564 619 408 200 113 264 405 503 210 402 260 247 451 673 580 192 342 225 598 144 128 233 739 104 172 537 686 73 432 266 184 369 641 233 62 365 859 713 741 662 296 860 478 
468 761 709 297 730 220 874 822 719 611 727 -1 573 717 394 827 434 289 804 630 765 278 609 702 606 710 94 222 551 556 511 385 489 466 672 212 356 822 429 696 562 703 764 289 126 616 607 502 499 471 796 522 433 678 749 329 506 972 472 404 565 657 484 728 559 530 426 572 623 398 391 192 587 442 593 414 757 654 532 195 629 555 223 84 742 900 510 552 428 679 803 678 361 434 409 130 550 500 149 895 
459 351 371 375 318 353 434 412 442 504 532 573 -1 165 368 263 628 556 377 98 200 407 132 317 408 551 661 659 566 634 94 235 135 383 621 446 319 279 351 181 506 490 242 284 654 228 91 490 384 223 465 120 469 273 356 610 615 425 141 598 544 563 342 222 31 497 217 617 287 205 244 577 348 562 309 175 442 404 331 439 448 456 369 491 598 398 554 398 578 134 418 534 417 409 266 488 139 577 717 368 
498 243 297 540 218 499 296 291 553 496 484 717 165 -1 437 111 688 648 253 86 55 510 251 235 391 512 809 771 586 661 258 344 232 424 609 561 412 113 408 239 516 444 85 429 807 195 209 519 411 287 372 200 520 371 257 695 653 261 307 664 556 546 377 86 165 517 310 636 250 323 410 689 335 615 291 339 362 364 345 599 425 464 500 638 557 237 585 404 636 185 309 505 493 570 431 644 287 613 865 203 
113 389 324 430 363 265 500 443 742 234 338 394 368 437 -1 544 259 215 433 362 493 116 480 330 211 328 485 355 230 282 378 151 233 73 328 184 73 514 37 548 199 310 449 236 517 269 450 153 105 152 404 254 106 611 373 257 253 652 377 231 222 292 92 409 339 174 152 275 252 182 389 282 196 195 212 332 364 260 143 405 237 173 200 347 367 552 203 158 210 503 419 297 56 560 430 402 449 219 536 564 
597 284 357 636 271 608 295 312 585 578 547 827 263 111 544 -1 790 757 276 197 62 621 314 298 474 580 918 882 677 753 349 456 343 525 686 673 522 67 514 271 605 510 114 538 914 288 280 615 509 396 411 311 622 406 303 802 750 168 399 767 646 623 479 148 270 609 421 726 335 434 503 800 423 716 380 439 411 438 441 702 504 554 611 747 621 198 680 495 738 230 339 577 600 650 520 750 362 710 974 143 
195 583 501 609 568 435 682 621 978 287 407 434 628 688 259 790 -1 146 624 617 743 257 736 532 355 373 496 257 174 136 631 401 493 264 283 277 314 751 281 806 232 405 685 444 554 503 708 190 283 409 545 513 167 861 563 109 90 877 623 35 206 300 311 646 598 209 410 165 466 434 611 243 384 76 419 571 508 410 351 546 349 266 361 438 385 761 141 311 51 762 589 345 212 756 650 512 700 111 528 786 
223 597 524 473 575 304 706 647 862 358 482 289 556 648 215 757 146 -1 641 568 703 150 648 540 390 456 358 151 274 267 540 320 428 260 395 142 239 729 250 726 303 468 664 327 412 485 626 245 291 360 590 455 184 762 579 59 218 868 523 115 294 392 299 624 530 272 343 286 464 351 493 104 396 157 421 466 551 446 349 403 400 314 234 291 480 765 232 336 140 688 619 424 159 622 529 366 604 216 394 780 
433 43 123 710 74 612 69 38 802 359 291 804 377 253 433 276 624 641 -1 280 278 542 493 103 269 329 899 787 475 549 466 426 349 380 448 607 450 209 395 492 402 261 175 548 916 193 449 434 351 334 137 322 468 622 61 670 561 274 508 611 439 388 342 167 359 418 384 517 182 423 596 715 245 548 220 517 147 216 291 742 284 359 582 738 363 143 491 313 575 438 63 335 485 778 628 769 516 523 953 187 
434 257 286 462 224 413 336 316 529 451 461 630 98 86 362 197 617 568 280 -1 138 427 217 228 349 484 722 687 530 603 191 259 146 357 568 476 330 195 336 236 463 419 148 342 722 154 172 459 350 209 376 114 451 353 263 617 590 345 237 591 503 507 312 125 87 460 227 581 214 236 335 605 289 546 246 261 357 334 287 516 387 412 413 551 530 303 524 351 566 180 324 471 416 506 361 559 236 551 778 279 
553 276 339 574 256 546 310 316 546 547 528 765 200 55 493 62 743 703 278 138 -1 564 260 277 441 558 856 825 640 715 288 397 284 479 658 614 467 95 464 229 569 489 103 476 852 248 223 574 466 342 405 252 576 365 292 750 708 227 337 719 609 595 433 123 207 570 364 689 301 374 442 743 387 670 343 376 399 412 399 640 475 517 551 684 601 232 640 457 692 182 338 552 548 593 460 687 305 668 912 185 
199 498 437 359 470 184 610 555 721 338 450 278 407 510 116 621 257 150 542 427 564 -1 497 438 327 435 369 260 302 332 389 172 283 187 415 67 99 599 152 576 294 424 536 186 402 365 476 238 221 227 520 312 171 613 483 207 290 744 374 223 306 390 207 497 382 264 200 336 359 202 353 180 311 221 323 318 480 376 257 313 351 280 109 237 471 653 265 273 222 539 533 404 88 502 392 298 454 267 419 659 
579 473 501 356 441 396 544 531 312 635 665 609 132 251 480 314 736 648 493 217 260 497 -1 444 540 683 688 732 691 756 108 334 255 506 751 522 421 354 468 87 633 623 337 339 667 360 44 613 510 346 592 249 585 141 481 705 732 482 136 705 670 694 467 329 162 622 328 740 419 302 226 650 480 675 441 197 572 537 461 443 580 585 435 524 730 487 675 528 689 88 541 666 524 340 227 502 60 696 743 446 
338 59 61 621 35 514 172 121 757 285 250 702 317 235 330 298 532 540 103 228 277 438 444 -1 185 282 796 685 394 470 398 327 261 280 389 504 347 240 292 461 320 212 183 451 815 100 399 344 254 234 148 239 372 581 48 572 476 346 435 517 360 326 241 154 293 332 285 440 79 327 515 612 149 456 119 435 129 141 190 646 210 273 480 637 324 228 405 221 482 405 111 279 383 700 550 670 456 437 850 255 
170 230 145 608 220 461 326 266 841 105 140 606 408 391 211 474 355 390 269 349 441 327 540 185 -1 146 696 541 209 285 461 293 295 140 219 395 263 422 178 581 135 104 360 415 729 197 499 165 106 216 200 292 208 681 208 411 292 531 483 345 175 157 127 325 377 149 262 255 140 311 533 478 60 280 102 459 161 56 92 602 40 90 405 557 193 408 222 55 307 527 234 126 249 719 573 608 531 254 746 440 
241 303 223 746 309 590 364 309 987 99 40 710 551 512 328 580 373 456 329 484 558 435 683 282 146 -1 795 604 198 257 608 435 442 255 123 499 392 520 302 720 153 70 465 551 836 330 641 211 226 362 206 438 278 824 282 458 288 603 629 377 167 74 261 436 521 184 407 222 269 455 678 556 204 311 241 605 183 150 237 732 106 155 528 672 47 471 234 180 337 664 273 31 349 863 718 730 677 262 840 516 
553 856 803 356 825 309 968 916 771 696 814 94 661 809 485 918 496 358 899 722 856 369 688 796 696 795 -1 255 628 625 595 479 582 556 750 301 450 915 521 776 645 791 858 379 69 711 690 585 590 566 889 615 516 747 843 388 575 1065 554 469 644 740 576 822 649 613 520 644 717 492 465 254 679 515 686 497 849 746 625 254 718 642 318 171 825 994 587 642 498 762 897 763 449 478 478 189 629 573 56 989 
374 743 673 486 719 345 853 795 902 508 632 222 659 771 355 882 257 151 787 687 825 260 732 685 541 604 255 -1 415 393 625 429 542 408 534 213 359 860 392 815 452 618 796 393 321 622 717 395 439 488 741 572 335 829 726 151 344 1003 598 238 439 538 444 757 636 421 460 419 607 455 544 82 544 297 566 537 702 596 495 395 551 465 296 267 626 907 375 486 273 785 768 573 301 633 573 339 680 353 276 917 
117 437 352 654 429 482 526 466 968 119 233 551 566 586 230 677 174 274 475 530 640 302 691 394 209 198 628 415 -1 76 595 377 435 185 121 353 303 629 227 748 73 235 566 464 677 392 655 78 182 344 380 446 132 827 416 265 91 740 601 180 35 126 224 529 535 70 368 50 342 406 619 378 254 118 297 561 346 258 243 615 191 123 410 531 212 616 41 182 142 697 432 171 218 789 660 598 667 63 668 649 
176 513 427 691 505 517 599 539 1025 191 295 556 634 661 282 753 136 267 549 603 715 332 756 470 285 257 625 393 76 -1 657 433 501 250 151 373 353 705 288 816 149 304 642 508 679 467 722 144 253 411 450 514 177 890 491 242 49 817 660 156 110 183 293 605 603 144 429 35 418 464 669 371 330 115 373 615 418 333 316 642 265 199 442 547 260 692 80 258 127 767 505 234 257 832 710 618 729 65 659 725 
481 438 447 286 403 294 526 501 380 549 594 511 94 258 378 349 631 540 466 191 288 389 108 398 461 608 595 625 595 657 -1 229 166 410 664 414 316 371 369 191 542 553 336 233 581 302 95 517 418 254 545 171 484 233 440 597 631 515 49 599 577 610 374 316 107 528 228 644 356 197 154 543 403 572 369 97 519 467 376 360 502 496 328 427 655 492 576 442 585 167 504 588 419 315 173 414 72 595 651 461 
260 385 349 315 352 186 496 449 592 356 433 385 235 344 151 456 401 320 426 259 397 172 334 327 293 435 479 429 377 433 229 -1 113 196 463 217 87 442 150 408 335 397 382 126 491 234 308 299 215 93 445 144 257 461 376 375 404 591 226 370 364 417 174 344 209 315 42 424 253 32 247 347 248 343 235 183 409 322 200 321 330 296 161 313 479 515 353 254 355 368 435 408 189 428 288 343 299 370 534 511 
325 312 300 361 277 276 417 378 547 383 430 489 135 232 233 343 493 428 349 146 284 283 255 261 295 442 582 542 435 501 166 113 -1 250 498 330 189 333 216 316 378 390 275 207 587 160 220 357 254 90 400 32 334 393 309 480 480 483 188 464 414 444 211 241 105 366 85 485 203 91 255 460 238 427 207 175 369 305 209 395 336 330 269 412 489 418 420 275 443 270 372 421 283 442 291 429 237 442 638 407 
76 337 264 496 315 336 445 386 784 165 265 466 383 424 73 525 264 260 380 357 479 187 506 280 140 255 556 408 185 250 410 196 250 -1 266 254 138 487 48 565 138 237 421 301 590 239 471 107 33 160 337 263 97 642 319 291 233 617 417 243 168 224 46 382 352 119 182 234 207 224 443 341 136 190 162 379 297 191 90 477 163 103 273 421 295 508 170 85 213 516 359 225 110 621 484 476 482 194 605 527 
218 418 334 758 420 590 486 430 1044 117 164 672 621 609 328 686 283 395 448 568 658 415 751 389 219 123 750 534 121 151 664 463 498 266 -1 470 400 630 315 798 129 186 571 564 798 417 712 178 249 410 329 502 244 891 396 383 193 722 678 296 109 62 292 539 590 154 445 119 358 489 710 499 278 238 321 644 304 248 290 727 183 169 520 648 111 591 162 223 260 744 394 112 328 887 751 714 736 180 789 633 
259 563 505 333 535 162 676 621 721 401 515 212 446 561 184 673 277 142 607 476 614 67 522 504 395 499 301 213 353 373 414 217 330 254 470 -1 158 656 220 605 353 490 593 189 337 427 506 296 288 286 588 361 227 628 549 201 327 802 392 242 361 450 275 555 423 323 251 382 424 242 353 130 379 257 389 332 548 444 325 271 417 344 93 178 533 715 314 340 251 572 600 467 150 481 388 246 474 310 352 719 
186 407 353 358 377 198 519 466 672 303 398 356 319 412 73 522 314 239 450 330 467 99 421 347 263 392 450 359 303 353 316 87 189 138 400 158 -1 500 89 494 271 366 437 164 473 269 395 227 165 128 443 216 176 547 393 291 321 645 310 283 295 361 136 398 292 247 104 347 268 119 316 279 234 258 237 262 404 305 179 340 295 241 142 298 433 556 275 214 269 453 447 362 103 487 357 344 385 288 503 561 
556 220 297 653 210 607 227 245 640 525 486 822 279 113 514 67 751 729 209 195 95 599 354 240 422 520 915 860 629 705 371 442 333 487 630 656 500 -1 481 323 556 450 65 537 917 248 315 570 468 372 345 300 583 460 240 771 705 150 420 730 596 567 441 105 279 563 404 676 288 424 523 780 375 675 334 453 347 382 399 712 450 506 602 744 560 137 635 448 699 277 273 519 570 682 545 755 395 665 971 91 
112 351 286 447 326 288 462 406 740 213 309 429 351 408 37 514 281 250 395 336 464 152 468 292 178 302 521 392 227 288 369 150 216 48 315 220 89 481 -1 532 186 279 415 252 551 234 435 149 76 128 367 233 118 602 335 290 264 617 374 255 214 273 54 375 320 164 141 275 214 179 395 319 159 212 174 333 328 224 106 430 206 152 228 379 343 515 207 126 230 485 382 273 91 572 437 431 441 227 572 529 
641 480 521 440 451 483 535 531 317 681 697 696 181 239 548 271 806 726 492 236 229 576 87 461 581 720 776 815 748 816 191 408 316 565 798 605 494 323 532 -1 686 656 323 424 754 390 99 672 565 405 606 302 650 136 491 782 796 433 224 776 724 739 523 325 212 678 396 798 451 376 313 734 521 743 480 284 590 570 510 530 621 636 519 612 766 461 736 577 758 56 547 706 595 410 311 590 147 758 830 412 
94 364 279 629 355 463 455 395 920 56 180 562 506 516 199 605 232 303 402 463 569 294 633 320 135 153 645 452 73 149 542 335 378 138 129 353 271 556 186 686 -1 173 493 436 688 321 596 59 124 288 313 385 128 772 343 307 159 667 553 230 40 96 168 456 475 31 318 121 269 361 581 403 182 163 225 517 277 185 176 602 119 51 395 530 180 543 92 112 190 634 361 121 206 758 622 593 614 123 688 576 
245 233 152 711 239 564 300 243 930 117 41 703 490 444 310 510 405 468 261 419 489 424 623 212 104 70 791 618 235 304 553 397 390 237 186 490 366 450 279 656 173 -1 395 519 827 265 580 225 204 316 146 382 284 764 212 479 327 535 578 403 200 128 231 366 461 200 364 269 205 413 634 563 152 336 183 558 117 86 196 706 73 153 507 658 112 404 264 153 363 600 207 75 341 820 673 710 621 295 839 447 
491 174 243 610 157 552 211 213 638 464 433 764 242 85 449 114 685 664 175 148 103 536 337 183 360 465 858 796 566 642 336 382 275 421 571 593 437 65 415 323 493 395 -1 482 862 182 295 506 403 308 303 243 518 456 191 706 641 209 383 665 533 508 375 39 235 499 343 614 224 366 484 717 311 610 270 409 299 323 334 663 390 442 543 688 507 155 571 384 634 270 235 462 505 651 508 702 370 601 914 132 
349 507 475 195 474 70 617 572 536 466 554 289 284 429 236 538 444 327 548 342 476 186 339 451 415 551 379 393 464 508 233 126 207 301 564 189 164 537 252 424 436 519 482 -1 380 354 328 390 326 219 572 239 334 438 500 386 470 687 204 409 459 525 290 448 269 411 167 506 379 124 167 313 374 402 362 144 536 448 324 195 450 404 97 208 594 625 434 371 406 398 560 523 250 324 205 222 287 442 436 614 
595 874 827 321 842 310 986 936 724 737 852 126 654 807 517 914 554 412 916 722 852 402 667 815 729 836 69 321 677 679 581 491 587 590 798 337 473 917 551 754 688 827 862 380 -1 725 673 629 623 582 916 620 560 714 863 447 630 1067 536 526 691 784 605 828 644 657 533 697 737 499 441 310 707 567 710 483 877 776 652 224 754 681 334 178 869 1004 636 675 552 746 919 804 487 429 448 166 607 625 92 995 
309 153 144 521 119 420 262 218 671 302 307 616 228 195 269 288 503 485 193 154 248 365 360 100 197 330 711 622 392 467 302 234 160 239 417 427 269 248 234 390 321 265 182 354 725 -1 316 327 221 144 243 138 335 500 148 524 462 383 337 482 361 355 193 143 201 322 192 441 60 230 415 545 140 428 96 334 216 180 153 549 234 269 393 547 376 287 392 209 451 334 211 317 325 600 450 576 364 421 765 295 
546 428 456 370 397 390 500 486 357 595 622 607 91 209 450 280 708 626 449 172 223 476 44 399 499 641 690 717 655 722 95 308 220 471 712 506 395 315 435 99 596 580 295 328 673 316 -1 578 473 311 547 210 553 184 436 682 700 448 137 677 633 654 430 285 122 586 297 705 376 276 237 635 439 645 399 193 527 494 422 451 539 547 421 523 688 447 641 489 660 72 496 625 496 370 246 507 82 662 745 407 
40 393 310 582 380 412 491 431 889 113 237 502 490 519 153 615 190 245 434 459 574 238 613 344 165 211 585 395 78 144 517 299 357 107 178 296 227 570 149 672 59 225 506 390 629 327 578 -1 108 267 357 369 69 749 372 254 135 690 523 181 69 154 148 468 459 27 289 127 282 328 542 344 197 115 236 482 320 220 174 549 162 76 342 473 240 571 66 123 143 622 399 180 150 714 583 537 589 94 629 599 
88 309 233 521 289 364 415 356 795 141 234 499 384 411 105 509 283 291 351 350 466 221 510 254 106 226 590 439 182 253 418 215 254 33 249 288 165 468 76 565 124 204 403 326 623 221 473 108 -1 164 304 263 118 648 290 319 242 594 429 265 159 202 43 364 353 112 195 232 183 240 462 373 106 207 137 395 264 158 68 506 131 81 303 453 268 482 174 52 231 515 328 197 143 642 503 507 490 201 639 504 
235 292 255 402 260 280 404 356 633 296 355 471 223 287 152 396 409 360 334 209 342 227 346 234 216 362 566 488 344 411 254 93 90 160 410 286 128 372 128 405 288 316 308 219 582 144 311 267 164 -1 353 104 246 484 282 408 391 516 269 382 323 357 120 269 192 275 52 394 159 100 317 408 164 341 144 242 318 237 125 415 256 241 248 404 409 430 330 188 359 357 342 339 206 504 357 436 326 353 621 433 
369 129 100 754 154 629 159 107 905 260 165 796 465 372 404 411 545 590 137 376 405 520 592 148 200 206 889 741 380 450 545 445 400 337 329 588 443 345 367 606 313 146 303 572 916 243 547 357 304 353 -1 381 408 728 115 609 470 404 580 539 344 273 313 285 441 336 406 415 198 452 655 678 209 473 210 575 39 145 264 767 195 281 584 741 233 270 405 255 500 549 73 220 447 842 691 783 604 436 940 321 
339 287 281 387 252 309 389 353 549 385 423 522 120 200 254 311 513 455 322 114 252 312 249 239 292 438 615 572 446 514 171 144 32 263 502 361 216 300 233 302 385 382 243 239 620 138 210 369 263 104 381 -1 351 389 285 505 496 450 200 486 423 445 221 208 89 376 112 496 187 124 276 490 233 445 198 196 352 296 212 426 333 336 302 445 485 386 434 278 463 252 349 419 307 461 311 461 239 457 671 375 
39 426 348 522 407 350 530 470 848 179 301 433 469 520 106 622 167 184 468 451 576 171 585 372 208 278 516 335 132 177 484 257 334 97 244 227 176 583 118 650 128 284 518 334 560 335 553 69 118 246 408 351 -1 717 406 203 147 712 484 147 135 224 143 479 438 96 256 172 301 288 492 279 223 95 255 438 369 264 185 484 216 131 277 404 309 600 99 156 116 603 441 247 85 658 533 469 555 112 561 622 
714 606 639 393 576 484 668 660 181 775 806 678 273 371 611 406 861 762 622 353 365 613 141 581 681 824 747 829 827 890 233 461 393 642 891 628 547 460 602 136 772 764 456 438 714 500 184 749 648 484 728 389 717 -1 615 820 864 566 239 829 808 835 604 455 303 759 461 876 560 429 289 751 621 804 582 296 710 678 601 493 721 724 536 596 872 597 809 668 816 186 674 807 650 320 269 558 161 828 798 548 
371 22 64 669 39 562 127 73 793 301 246 749 356 257 373 303 563 579 61 263 292 483 481 48 208 282 843 726 416 491 440 376 309 319 396 549 393 240 335 491 343 212 191 500 863 148 436 372 290 282 115 285 406 615 -1 609 501 327 479 550 381 335 282 171 334 357 334 459 125 376 562 655 183 487 160 481 108 157 230 695 226 299 528 685 320 200 431 252 513 435 64 284 424 746 596 719 496 463 896 237 
241 628 551 531 607 363 733 673 921 364 488 329 610 695 257 802 109 59 670 617 750 207 705 572 411 458 388 151 265 242 597 375 480 291 383 201 291 771 290 782 307 479 706 386 447 524 682 254 319 408 609 505 203 820 609 -1 193 907 581 86 291 390 334 666 583 279 395 267 498 406 552 137 425 147 454 524 571 467 382 458 415 328 294 341 477 800 225 359 123 743 644 428 201 680 588 417 662 202 419 817 
157 522 437 650 511 474 615 554 994 210 324 506 615 653 253 750 90 218 561 590 708 290 732 476 292 288 575 344 91 49 631 404 480 233 193 327 321 705 264 796 159 327 641 470 630 462 700 135 242 391 470 496 147 864 501 193 -1 823 631 107 126 214 278 603 584 144 404 75 417 435 634 321 331 69 371 583 436 345 308 597 279 202 400 499 297 701 70 257 78 748 521 261 221 792 674 571 702 40 610 732 
682 305 391 800 311 757 250 296 741 628 564 972 425 261 652 168 877 868 274 345 227 744 482 346 531 603 1065 1003 740 817 515 591 483 617 722 802 645 150 617 433 667 535 209 687 1067 383 448 690 594 516 404 450 712 566 327 907 823 -1 564 860 706 661 573 247 427 679 552 785 411 574 669 925 493 801 457 600 420 483 527 861 552 620 751 895 636 133 752 567 826 396 332 609 708 819 687 905 530 784 1121 91 
485 478 481 237 443 259 569 542 367 565 619 472 141 307 377 399 623 523 508 237 337 374 136 435 483 629 554 598 601 660 49 226 188 417 678 392 310 420 374 224 553 578 383 204 536 337 137 523 429 269 580 200 484 239 479 581 631 564 -1 590 586 626 385 362 151 536 234 649 387 195 104 517 426 569 395 60 552 493 394 314 523 509 301 388 676 539 580 458 579 209 543 608 413 270 124 370 82 596 608 510 
179 570 489 574 553 400 671 611 944 286 408 404 598 664 231 767 35 115 611 591 719 223 705 517 345 377 469 238 180 156 599 370 464 243 296 242 283 730 255 776 230 403 665 409 526 482 677 181 265 382 539 486 147 829 550 86 107 860 590 -1 209 306 289 625 569 203 381 181 448 402 577 215 368 66 402 537 502 401 332 512 343 258 326 405 393 746 142 298 39 733 580 347 181 721 615 479 667 117 503 769 
110 402 316 651 395 482 490 430 953 83 200 565 544 556 222 646 206 294 439 503 609 306 670 360 175 167 644 439 35 110 577 364 414 168 109 361 295 596 214 724 40 200 533 459 691 361 633 69 159 323 344 423 135 808 381 291 126 706 586 209 -1 98 203 497 512 49 351 80 310 392 609 397 223 143 266 547 310 223 215 618 155 92 411 539 186 581 66 152 169 673 396 138 219 783 650 604 649 95 686 615 
191 357 272 720 357 557 429 371 990 61 113 657 563 546 292 623 300 392 388 507 595 390 694 326 157 74 740 538 126 183 610 417 444 224 62 450 361 567 273 739 96 128 508 525 784 355 654 154 202 357 273 445 224 835 335 390 214 661 626 306 98 -1 243 476 532 127 395 147 296 441 664 495 217 242 260 595 246 185 234 696 120 121 490 627 87 531 164 168 267 684 335 53 302 844 705 688 681 190 782 572 
121 299 232 484 275 333 409 352 752 182 264 484 342 377 92 479 311 299 342 312 433 207 467 241 127 261 576 444 224 293 374 174 211 46 292 275 136 441 54 523 168 231 375 290 605 193 430 148 43 120 313 221 143 604 282 334 278 573 385 289 203 243 -1 336 310 155 152 275 164 198 420 373 104 237 122 352 273 171 51 475 160 123 278 431 305 466 213 81 259 473 327 234 142 603 461 480 446 239 627 483 
452 157 216 583 133 518 215 205 636 430 405 728 222 86 409 148 646 624 167 125 123 497 329 154 325 436 822 757 529 605 316 344 241 382 539 555 398 105 375 325 456 366 39 448 828 143 285 468 364 269 285 208 479 455 171 666 603 247 362 625 497 476 336 -1 211 461 305 577 187 330 459 678 274 571 232 383 277 291 295 632 356 406 506 653 479 180 533 347 594 270 222 431 465 631 486 669 357 563 878 166 
428 331 345 375 297 339 419 393 470 473 503 559 31 165 339 270 598 530 359 87 207 382 162 293 377 521 649 636 535 603 107 209 105 352 590 423 292 279 320 212 475 461 235 269 644 201 122 459 353 192 441 89 438 303 334 583 584 427 151 569 512 532 310 211 -1 465 189 585 258 181 248 554 317 532 279 174 417 375 300 434 418 425 350 477 568 390 523 367 549 164 397 503 388 421 275 479 163 546 705 365 
64 379 294 604 367 436 473 413 903 86 210 530 497 517 174 609 209 272 418 460 570 264 622 332 149 184 613 421 70 144 528 315 366 119 154 323 247 563 164 678 31 200 499 411 657 322 586 27 112 275 336 376 96 759 357 279 144 679 536 203 49 127 155 461 465 -1 301 121 274 343 560 372 188 137 229 498 299 202 172 573 140 58 366 500 212 557 73 114 164 627 380 152 176 734 601 563 600 105 657 587 
253 343 308 350 310 228 453 407 601 333 402 426 217 310 152 421 410 343 384 227 364 200 328 285 262 407 520 460 368 429 228 42 85 182 445 251 104 404 141 396 318 364 343 167 533 192 297 289 195 52 406 112 256 461 334 395 404 552 234 381 351 395 152 305 189 301 -1 416 211 49 271 379 213 347 197 200 370 287 169 362 301 276 202 355 452 474 348 228 362 352 394 382 200 456 311 385 300 367 576 471 
163 481 395 693 474 519 565 506 1016 158 260 572 617 636 275 726 165 286 517 581 689 336 740 440 255 222 644 419 50 35 644 424 485 234 119 382 347 676 275 798 121 269 614 506 697 441 705 127 232 394 415 496 172 876 459 267 75 785 649 181 80 147 275 577 585 121 416 -1 390 454 664 391 303 129 346 607 383 302 293 649 233 172 446 558 225 659 72 232 147 748 471 198 256 831 705 628 716 72 681 694 
271 139 98 556 111 439 251 199 729 245 247 623 287 250 252 335 466 464 182 214 301 359 419 79 140 269 717 607 342 418 356 253 203 207 358 424 268 288 214 451 269 205 224 379 737 60 376 282 183 159 198 187 301 560 125 498 417 411 387 448 310 296 164 187 258 274 211 390 -1 256 458 533 87 390 46 378 166 119 116 574 175 218 403 560 315 301 347 160 415 395 182 257 305 645 495 595 421 377 771 320 
290 383 354 302 349 190 492 448 561 380 451 398 205 323 182 434 434 351 423 236 374 202 302 327 311 455 492 455 406 464 197 32 91 224 489 242 119 424 179 376 361 413 366 124 499 230 276 328 240 100 452 124 288 429 376 406 435 574 195 402 392 441 198 330 181 343 49 454 256 -1 223 373 262 375 244 155 418 336 218 319 349 321 177 323 500 504 384 276 387 337 437 430 222 407 264 346 267 401 548 497 
502 563 555 133 528 198 661 628 368 603 673 391 244 410 389 503 611 493 596 335 442 353 226 515 533 678 465 544 619 669 154 247 255 443 710 353 316 523 395 313 581 634 484 167 441 415 237 542 462 317 655 276 492 289 562 552 634 669 104 577 609 664 420 459 248 560 271 664 458 223 -1 468 481 567 457 80 624 553 440 216 572 543 259 308 724 639 592 499 573 308 626 653 412 187 41 277 166 603 518 612 
317 671 604 421 645 269 782 725 831 457 580 192 577 689 282 800 243 104 715 605 743 180 650 612 478 556 254 82 378 371 543 347 460 341 499 130 279 780 319 734 403 563 717 313 310 545 635 344 373 408 678 490 279 751 655 137 321 925 517 215 397 495 373 678 554 372 379 391 533 373 468 -1 476 262 494 457 638 532 424 337 492 409 216 213 582 831 336 423 244 703 700 524 231 570 499 289 600 320 290 839 
189 202 128 563 184 425 309 250 783 162 192 587 348 335 196 423 384 396 245 289 387 311 480 149 60 204 679 544 254 330 403 248 238 136 278 379 234 375 159 521 182 152 311 374 707 140 439 197 106 164 209 233 223 621 183 425 331 493 426 368 223 217 104 274 317 188 213 303 87 262 481 476 -1 307 43 406 170 74 54 566 100 131 376 532 251 377 260 73 333 467 224 186 244 668 521 577 472 291 731 402 
119 507 425 580 492 405 607 546 930 219 342 442 562 615 195 716 76 157 548 546 670 221 675 456 280 311 515 297 118 115 572 343 427 190 238 257 258 675 212 743 163 336 610 402 567 428 645 115 207 341 473 445 95 804 487 147 69 801 569 66 143 242 237 571 532 137 347 129 390 375 567 262 307 -1 343 520 436 336 275 528 277 192 330 431 329 685 78 235 27 697 515 281 156 723 607 502 643 58 552 710 
224 177 117 547 153 419 288 232 747 205 225 593 309 291 212 380 419 421 220 246 343 323 441 119 102 241 686 566 297 373 369 235 207 162 321 389 237 334 174 480 225 183 270 362 710 96 399 236 137 144 210 198 255 582 160 454 371 457 395 402 266 260 122 232 279 229 197 346 46 244 457 494 43 343 -1 379 174 98 71 557 141 174 376 533 289 345 301 114 368 425 210 226 264 645 496 573 437 331 739 366 
443 483 475 201 448 199 581 548 410 534 598 414 175 339 332 439 571 466 517 261 376 318 197 435 459 605 497 537 561 615 97 183 175 379 644 332 262 453 333 284 517 558 409 144 483 334 193 482 395 242 575 196 438 296 481 524 583 600 60 537 547 595 352 383 174 498 200 607 378 155 80 457 406 520 379 -1 545 476 367 264 499 476 241 330 651 563 536 428 528 265 545 581 364 266 116 317 143 551 553 539 
330 127 71 719 143 592 183 126 884 227 144 757 442 362 364 411 508 551 147 357 399 480 572 129 161 183 849 702 346 418 519 409 369 297 304 548 404 347 328 590 277 117 299 536 877 216 527 320 264 318 39 352 369 710 108 571 436 420 552 502 310 246 273 277 417 299 370 383 166 418 624 638 170 436 174 545 -1 106 224 731 159 244 546 702 216 287 369 215 463 534 90 192 408 811 661 745 580 401 900 334 
226 179 93 637 174 498 271 210 844 145 128 654 404 364 260 438 410 446 216 334 412 376 537 141 56 150 746 596 258 333 467 322 305 191 248 444 305 382 224 570 185 86 323 448 776 180 494 220 158 237 145 296 264 678 157 467 345 483 493 401 223 185 171 291 375 202 287 302 119 336 553 532 74 336 98 476 106 -1 125 639 69 144 447 602 196 358 275 109 363 515 178 140 302 740 592 649 534 307 796 393 
156 248 180 515 225 373 357 300 756 173 233 532 331 345 143 441 351 349 291 287 399 257 461 190 92 237 625 495 243 316 376 200 209 90 290 325 179 399 106 510 176 196 334 324 652 153 422 174 68 125 264 212 185 601 230 382 308 527 394 332 215 234 51 295 300 172 169 293 116 218 440 424 54 275 71 367 224 125 -1 514 131 125 322 477 284 417 240 66 299 458 276 214 193 626 481 523 447 268 676 437 
509 702 670 102 668 141 810 767 524 640 739 195 439 599 405 702 546 403 742 516 640 313 443 646 602 732 254 395 615 642 360 321 395 477 727 271 340 712 430 530 602 706 663 195 224 549 451 549 506 415 767 426 484 493 695 458 597 861 314 512 618 696 475 632 434 573 362 649 574 319 216 337 566 528 557 264 731 639 514 -1 635 579 206 127 772 812 579 555 523 523 756 702 398 240 224 66 382 579 305 795 
176 248 161 644 243 493 335 275 882 76 104 629 448 425 237 504 349 400 284 387 475 351 580 210 40 106 718 551 191 265 502 330 336 163 183 417 295 450 206 621 119 73 390 450 754 234 539 162 131 256 195 333 216 721 226 415 279 552 523 343 155 120 160 356 418 140 301 233 175 349 572 492 100 277 141 499 159 69 131 635 -1 86 435 585 153 426 211 80 304 566 241 85 269 757 612 638 572 243 766 462 
91 320 235 599 308 438 415 355 875 61 172 555 456 464 173 554 266 314 359 412 517 280 585 273 90 155 642 465 123 199 496 296 330 103 169 344 241 506 152 636 51 153 442 404 681 269 547 76 81 241 281 336 131 724 299 328 202 620 509 258 92 121 123 406 425 58 276 172 218 321 543 409 131 192 174 476 244 144 125 579 86 -1 373 517 193 498 132 61 219 584 322 124 193 723 584 575 568 164 688 529 
302 539 493 249 508 74 652 601 627 434 537 223 369 500 200 611 361 234 582 413 551 109 435 480 405 528 318 296 410 442 328 161 269 273 520 93 142 602 228 519 395 507 543 97 334 393 421 342 303 248 584 302 277 536 528 294 400 751 301 326 411 490 278 506 350 366 202 446 403 177 259 216 376 330 376 241 546 447 322 206 435 373 -1 157 567 676 374 354 330 490 584 497 192 394 294 203 384 377 373 673 
436 696 650 223 664 138 808 758 645 576 686 84 491 638 347 747 438 291 738 551 684 237 524 637 557 672 171 267 531 547 427 313 412 421 648 178 298 744 379 612 530 658 688 208 178 547 523 473 453 404 741 445 404 596 685 341 499 895 388 405 539 627 431 653 477 500 355 558 560 323 308 213 532 431 533 330 702 602 477 127 585 517 157 -1 708 828 491 505 421 595 742 641 324 367 328 75 466 486 227 820 
273 340 263 789 349 631 392 339 1034 133 73 742 598 557 367 621 385 480 363 530 601 471 730 324 193 47 825 626 212 260 655 479 489 295 111 533 433 560 343 766 180 112 507 594 869 376 688 240 268 409 233 485 309 872 320 477 297 636 676 393 186 87 305 479 568 212 452 225 315 500 724 582 251 329 289 651 216 196 284 772 153 193 567 708 -1 503 251 225 354 711 304 71 383 908 764 768 724 276 869 550 
567 178 264 764 192 694 118 163 778 501 432 900 398 237 552 198 761 765 143 303 232 653 487 228 408 471 994 907 616 692 492 515 418 508 591 715 556 137 515 461 543 404 155 625 1004 287 447 571 482 430 270 386 600 597 200 800 701 133 539 746 581 531 466 180 390 557 474 659 301 504 639 831 377 685 345 563 287 358 417 812 426 498 676 828 503 -1 631 449 711 413 198 478 606 807 664 848 524 663 1050 60 
95 452 368 621 441 448 546 486 946 146 266 510 554 585 203 680 141 232 491 524 640 265 675 405 222 234 587 375 41 80 576 353 420 170 162 314 275 635 207 736 92 264 571 434 636 392 641 66 174 330 405 434 99 809 431 225 70 752 580 142 66 164 213 533 523 73 348 72 347 384 592 336 260 78 301 536 369 275 240 579 211 132 374 491 251 631 -1 186 103 686 452 204 184 758 633 560 648 32 626 661 
119 272 191 566 256 413 374 314 822 107 184 552 398 404 158 495 311 336 313 351 457 273 528 221 55 180 642 486 182 258 442 254 275 85 223 340 214 448 126 577 112 153 384 371 675 209 489 123 52 188 255 278 156 668 252 359 257 567 458 298 152 168 81 347 367 114 228 232 160 276 499 423 73 235 114 428 215 109 66 555 80 61 354 505 225 449 186 -1 262 524 284 153 194 683 540 557 513 217 691 476 
144 534 452 579 518 404 634 573 937 246 369 428 578 636 210 738 51 140 575 566 692 222 689 482 307 337 498 273 142 127 585 355 443 213 260 251 269 699 230 758 190 363 634 406 552 451 660 143 231 359 500 463 116 816 513 123 78 826 579 39 169 267 259 594 549 164 362 147 415 387 573 244 333 27 368 528 463 363 299 523 304 219 330 421 354 711 103 262 -1 713 542 307 166 724 612 494 654 79 533 735 
592 424 465 440 395 462 482 476 367 627 641 679 134 185 503 230 762 688 438 180 182 539 88 405 527 664 762 785 697 767 167 368 270 516 744 572 453 277 485 56 634 600 270 398 746 334 72 622 515 357 549 252 603 186 435 743 748 396 209 733 673 684 473 270 164 627 352 748 395 337 308 703 467 697 425 265 534 515 458 523 566 584 490 595 711 413 686 524 713 -1 491 651 552 428 313 580 146 710 818 367 
403 67 95 732 100 622 94 36 852 313 233 803 418 309 419 339 589 619 63 324 338 533 541 111 234 273 897 768 432 505 504 435 372 359 394 600 447 273 382 547 361 207 235 560 919 211 496 399 328 342 73 349 441 674 64 644 521 332 543 580 396 335 327 222 397 380 394 471 182 437 626 700 224 515 210 545 90 178 276 756 241 322 584 742 304 198 452 284 542 491 -1 282 468 810 660 778 558 484 949 247 
209 306 222 718 309 561 375 318 968 67 62 678 534 505 297 577 345 424 335 471 552 404 666 279 126 31 763 573 171 234 588 408 421 225 112 467 362 519 273 706 121 75 462 523 804 317 625 180 197 339 220 419 247 807 284 428 261 609 608 347 138 53 234 431 503 152 382 198 257 430 653 524 186 281 226 581 192 140 214 702 85 124 497 641 71 478 204 153 307 651 282 -1 317 837 693 699 658 233 808 521 
111 441 372 436 417 264 551 494 774 251 365 361 417 493 56 600 212 159 485 416 548 88 524 383 249 349 449 301 218 257 419 189 283 110 328 150 103 570 91 595 206 341 505 250 487 325 496 150 143 206 447 307 85 650 424 201 221 708 413 181 219 302 142 465 388 176 200 256 305 222 412 231 244 156 264 364 408 302 193 398 269 193 192 324 383 606 184 194 166 552 468 317 -1 574 453 386 488 192 497 620 
674 746 742 149 711 320 840 811 294 784 859 434 409 570 560 650 756 622 778 506 593 502 340 700 719 863 478 633 789 832 315 428 442 621 887 481 487 682 572 410 758 820 651 324 429 600 370 714 642 504 842 461 658 320 746 680 792 819 270 721 783 844 603 631 421 734 456 831 645 407 187 570 668 723 645 266 811 740 626 240 757 723 394 367 908 807 758 683 724 428 810 837 574 -1 150 303 288 766 520 773 
543 596 591 129 561 229 691 661 333 644 713 409 266 431 430 520 650 529 628 361 460 392 227 550 573 718 478 573 660 710 173 288 291 484 751 388 357 545 437 311 622 673 508 205 448 450 246 583 503 357 691 311 533 269 596 588 674 687 124 615 650 705 461 486 275 601 311 705 495 264 41 499 521 607 496 116 661 592 481 224 612 584 294 328 764 664 633 540 612 313 660 693 453 150 -1 289 168 644 530 634 
498 728 689 169 694 156 838 792 589 635 741 130 488 644 402 750 512 366 769 559 687 298 502 670 608 730 189 339 598 618 414 343 429 476 714 246 344 755 431 590 593 710 702 222 166 576 507 537 507 436 783 461 469 558 719 417 571 905 370 479 604 688 480 669 479 563 385 628 595 346 277 289 577 502 573 317 745 649 523 66 638 575 203 75 768 848 560 557 494 580 778 699 386 303 289 -1 442 556 241 835 
553 491 508 295 458 341 571 552 310 621 662 550 139 287 449 362 700 604 516 236 305 454 60 456 531 677 629 680 667 729 72 299 237 482 736 474 385 395 441 147 614 621 370 287 607 364 82 589 490 326 604 239 555 161 496 662 702 530 82 667 649 681 446 357 163 600 300 716 421 267 166 600 472 643 437 143 580 534 447 382 572 568 384 466 724 524 648 513 654 146 558 658 488 288 168 442 -1 667 683 487 
117 484 400 626 472 451 578 518 961 177 296 500 577 613 219 710 111 216 523 551 668 267 696 437 254 262 573 353 63 65 595 370 442 194 180 310 288 665 227 758 123 295 601 442 625 421 662 94 201 353 436 457 112 828 463 202 40 784 596 117 95 190 239 563 546 105 367 72 377 401 603 320 291 58 331 551 401 307 268 579 243 164 377 486 276 663 32 217 79 710 484 233 192 766 644 556 667 -1 611 692 
598 909 855 405 879 366 1022 970 815 741 860 149 717 865 536 974 528 394 953 778 912 419 743 850 746 840 56 276 668 659 651 534 638 605 789 352 503 971 572 830 688 839 914 436 92 765 745 629 639 621 940 671 561 798 896 419 610 1121 608 503 686 782 627 878 705 657 576 681 771 548 518 290 731 552 739 553 900 796 676 305 766 688 373 227 869 1050 626 691 533 818 949 808 497 520 530 241 683 611 -1 1045 
591 215 301 740 220 684 175 213 728 538 478 895 368 203 564 143 786 780 187 279 185 659 446 255 440 516 989 917 649 725 461 511 407 527 633 719 561 91 529 412 576 447 132 614 995 295 407 599 504 433 321 375 622 548 237 817 732 91 510 769 615 572 483 166 365 587 471 694 320 497 612 839 402 710 366 539 334 393 437 795 462 529 673 820 550 60 661 476 735 367 247 521 620 773 634 835 487 692 1045 -1 
