100
-1 431 174 442 475 443 645 733 208 455 686 305 268 569 273 129 420 567 677 382 306 338 545 599 299 250 640 172 604 287 538 415 405 524 582 395 187 474 54 573 275 422 426 512 495 597 844 521 571 558 329 626 628 507 457 584 506 110 549 113 487 200 716 205 534 183 584 568 171 704 197 314 558 550 725 251 620 557 496 589 214 536 442 193 339 526 496 394 464 370 530 202 60 659 338 610 300 434 211 507 
431 -1 300 590 468 421 710 633 620 229 721 596 216 339 644 479 403 355 485 66 547 239 126 968 169 192 484 580 859 281 128 217 111 503 463 328 335 874 484 890 695 67 105 334 177 184 786 410 514 233 611 196 276 840 377 668 710 537 400 397 652 631 692 388 437 366 601 295 345 578 588 505 765 190 790 367 631 135 855 262 603 613 696 249 595 266 595 577 793 152 144 288 377 239 564 718 353 662 251 460 
174 300 -1 362 333 294 541 582 382 281 573 307 227 395 344 283 269 394 508 239 270 164 425 670 140 109 475 287 594 117 386 241 316 383 421 230 48 575 226 602 402 314 267 340 327 444 707 358 423 388 475 483 458 547 295 484 461 283 382 221 420 359 585 285 375 253 459 394 227 547 370 245 517 385 625 120 495 410 557 417 305 430 424 149 317 352 397 329 501 203 371 28 114 507 295 522 152 400 184 357 
442 590 362 -1 185 209 209 386 587 415 256 195 588 431 320 570 212 413 437 524 148 351 709 497 431 442 382 385 284 312 611 398 649 204 322 278 313 494 464 362 448 632 503 368 501 652 443 299 255 525 768 715 585 344 270 146 126 497 344 543 62 501 314 627 287 597 190 475 575 389 606 127 177 558 285 245 217 644 393 539 349 111 158 512 147 451 70 54 307 439 578 349 414 708 119 167 239 113 546 228 
475 468 333 185 -1 46 241 260 661 258 256 337 530 248 455 601 69 228 259 408 271 239 575 679 337 370 206 484 463 233 459 254 550 50 142 140 296 660 513 548 574 522 368 188 343 491 373 114 98 353 800 558 408 527 97 204 306 560 159 551 235 595 252 619 102 586 135 296 561 240 666 216 350 394 322 224 169 493 572 363 463 152 342 470 298 277 149 214 488 317 422 309 427 542 258 256 181 297 503 45 
443 421 294 209 46 -1 288 290 635 216 303 337 485 223 450 568 24 206 260 361 269 193 530 693 291 325 211 467 492 189 417 209 503 91 148 93 260 663 485 568 563 475 322 158 302 452 413 101 129 317 765 518 376 542 60 248 334 534 144 514 265 576 295 579 100 546 182 265 520 262 637 212 381 355 369 192 216 451 583 330 451 195 360 427 302 243 185 228 501 270 381 269 393 504 262 299 144 316 460 63 
645 710 541 209 241 288 -1 260 796 496 54 399 757 454 520 775 308 432 390 649 357 479 816 621 574 600 339 593 338 461 695 495 790 211 303 381 496 660 671 466 649 763 609 410 578 722 254 323 223 577 974 791 621 477 335 62 230 705 357 741 188 709 143 821 298 789 114 510 765 295 814 332 233 623 83 421 97 729 538 580 555 111 314 688 349 502 148 263 454 559 657 522 611 768 327 70 396 280 723 255 
733 633 582 386 260 290 260 -1 921 404 220 574 752 303 698 858 314 283 177 588 513 453 709 865 549 595 152 740 595 471 572 424 735 211 173 358 551 879 773 715 822 697 528 298 464 579 156 234 161 435 1056 649 452 715 290 287 465 821 233 803 403 853 127 864 212 831 198 360 805 60 926 465 484 488 286 482 181 603 771 424 715 283 535 705 528 373 318 435 685 503 533 556 683 609 493 326 435 493 736 227 
208 620 382 587 661 635 796 921 -1 663 842 406 426 777 309 151 613 774 879 579 438 546 725 564 505 453 840 207 669 494 736 624 572 709 780 598 391 410 156 594 219 599 629 718 702 796 1017 721 759 766 231 817 835 524 657 733 614 102 752 228 617 105 887 282 731 284 755 777 293 897 52 469 657 755 869 446 789 752 488 797 254 693 533 371 453 735 651 533 493 577 732 410 269 856 468 748 498 542 375 697 
455 229 281 415 258 216 496 404 663 -1 501 488 368 128 574 552 205 137 269 184 425 119 321 866 175 231 259 550 699 179 200 39 330 284 234 137 282 806 508 758 662 292 123 105 86 237 557 182 288 119 729 301 189 721 160 462 542 564 171 479 475 636 465 512 209 481 383 113 455 351 648 370 592 143 572 262 410 234 752 144 554 410 551 345 469 71 401 420 676 109 164 254 394 292 431 515 219 511 369 241 
686 721 573 256 256 303 54 220 842 501 -1 449 782 445 572 815 325 423 365 663 404 496 822 674 594 624 318 642 388 485 697 504 806 218 291 396 529 714 713 518 700 778 619 408 580 719 200 321 216 573 1015 789 611 530 344 112 284 750 350 778 241 757 95 855 295 823 121 503 799 261 859 375 286 621 75 454 90 730 592 573 604 150 368 717 400 499 191 311 509 572 658 552 649 762 376 124 424 333 752 261 
305 596 307 195 337 337 399 574 406 488 449 -1 523 549 124 421 325 535 595 531 67 385 723 379 427 413 543 199 301 326 656 458 623 373 479 360 264 326 308 295 252 620 536 481 565 708 639 438 427 608 608 760 676 243 387 337 209 327 481 418 213 312 510 509 435 484 383 578 467 569 433 125 257 626 467 234 412 686 264 629 156 307 136 439 49 544 266 141 196 466 631 310 301 770 81 344 269 137 470 382 
268 216 227 588 530 485 757 752 426 368 782 523 -1 496 529 277 461 505 636 203 494 299 301 861 202 159 619 439 818 297 344 336 146 576 579 398 276 742 312 814 544 177 272 465 358 400 893 517 605 424 394 406 480 753 464 703 688 358 524 198 647 458 780 173 540 152 664 468 135 706 387 472 745 392 841 343 699 350 753 456 476 648 648 84 540 430 618 556 708 258 354 239 234 454 521 744 360 626 57 541 
569 339 395 431 248 223 454 303 777 128 445 549 496 -1 651 674 226 22 145 306 482 232 406 915 303 358 151 644 711 282 269 164 447 251 154 193 387 875 620 792 752 406 238 67 164 279 460 136 230 132 855 349 167 764 164 435 554 675 96 603 484 740 388 640 157 609 339 58 583 245 765 424 598 185 520 348 359 300 804 128 640 392 583 473 520 72 396 451 723 238 230 367 509 317 479 489 297 540 497 211 
273 644 344 320 455 450 520 698 309 574 572 124 529 651 -1 362 435 639 710 582 185 461 769 331 480 453 660 113 360 399 723 540 650 494 596 458 312 233 254 303 128 655 601 583 644 778 763 550 549 693 530 823 764 235 495 460 313 252 591 383 332 206 634 474 550 455 508 673 444 691 346 239 351 705 585 311 537 749 224 718 61 431 227 446 173 637 390 266 196 532 702 357 294 841 205 462 357 246 472 500 
129 479 283 570 601 568 775 858 151 552 815 421 277 674 362 -1 544 675 791 444 431 442 578 667 383 327 758 249 714 400 600 513 424 651 703 512 308 524 113 666 320 452 500 622 578 659 972 640 697 645 200 675 711 597 577 713 627 116 665 81 614 210 845 134 655 133 713 665 142 827 110 443 678 628 854 377 749 613 575 676 300 665 558 231 460 624 626 521 558 455 600 311 175 717 463 738 423 555 229 631 
420 403 269 212 69 24 308 314 613 205 325 325 461 226 435 544 -1 211 276 342 258 171 514 688 268 301 230 449 496 165 404 194 482 115 167 74 236 652 462 567 547 456 306 160 291 442 438 115 154 312 741 507 373 538 62 264 339 512 156 489 271 556 319 554 119 521 204 265 495 285 614 200 388 346 389 168 239 438 577 326 434 210 358 402 294 238 197 225 496 251 370 244 368 496 253 315 120 315 435 87 
567 355 394 413 228 206 432 283 774 137 423 535 505 22 639 675 211 -1 132 318 468 232 425 899 309 363 131 636 692 279 289 169 461 230 131 183 383 862 617 774 743 421 252 57 181 301 440 116 208 154 858 371 189 748 149 414 535 672 74 605 464 734 367 645 136 613 317 80 587 226 764 410 578 206 498 341 337 320 788 150 630 371 566 478 505 89 376 434 707 246 250 365 508 339 464 468 289 522 504 191 
677 485 508 437 259 260 390 177 879 269 365 595 636 145 710 791 276 132 -1 451 528 353 546 934 437 490 55 725 695 391 407 299 593 233 116 281 489 919 724 796 823 552 384 173 309 408 331 162 186 268 980 476 277 782 223 392 546 777 127 725 476 829 288 771 160 739 289 194 713 117 874 471 579 321 439 435 294 436 830 252 711 364 596 605 557 218 383 473 744 377 369 479 620 433 517 443 382 551 632 213 
382 66 239 524 408 361 649 588 579 184 663 531 203 306 582 444 342 318 451 -1 481 174 191 905 103 134 443 523 793 214 156 164 147 445 415 268 271 814 436 824 639 114 69 289 156 216 738 359 460 221 592 245 277 774 320 606 644 491 354 363 587 581 639 369 385 342 542 269 319 535 551 438 699 190 730 301 574 175 790 252 544 551 629 213 529 235 531 510 728 90 156 225 325 277 498 655 286 596 224 404 
306 547 270 148 271 269 357 513 438 425 404 67 494 482 185 431 258 468 528 481 -1 327 673 440 378 371 476 237 323 270 599 396 583 309 412 295 223 394 321 343 309 576 480 414 504 649 587 370 363 544 626 704 612 298 319 294 201 350 413 414 183 353 457 503 368 475 327 512 456 506 459 58 255 565 431 180 358 630 326 565 203 256 153 412 48 479 215 94 252 411 573 268 289 710 31 310 208 133 445 316 
338 239 164 351 239 193 479 453 546 119 496 385 299 232 461 442 171 232 353 174 327 -1 358 765 99 142 327 431 625 62 272 81 311 282 282 101 163 695 390 669 544 286 155 181 182 322 593 219 307 234 627 377 305 625 164 433 473 446 232 373 414 517 483 419 241 386 375 231 360 409 533 277 527 243 561 152 409 303 650 261 437 377 467 254 374 189 357 342 579 88 246 136 278 384 339 481 120 430 284 244 
545 126 425 709 575 530 816 709 725 321 822 723 301 406 769 578 514 425 546 191 673 358 -1 1094 295 316 557 701 983 405 139 321 157 605 548 440 461 998 597 1016 815 125 208 419 246 158 866 503 609 278 684 122 291 966 480 778 831 648 483 497 772 745 784 470 530 453 703 352 437 651 688 629 886 225 893 493 732 113 981 298 727 725 820 355 721 336 710 699 919 270 177 414 495 184 689 830 475 786 349 561 
599 968 670 497 679 693 621 865 564 866 674 379 861 915 331 667 688 899 934 905 440 765 1094 -1 801 779 879 428 296 705 1035 837 981 701 819 734 633 160 570 157 349 984 915 848 944 1087 872 791 751 985 794 1139 1052 152 750 579 399 550 836 704 463 465 763 792 781 776 669 950 769 879 614 496 388 1005 648 613 684 1064 114 1005 385 583 338 778 397 919 555 465 192 845 1011 679 626 1149 437 550 648 383 803 724 
299 169 140 431 337 291 574 549 505 175 594 427 202 303 480 383 268 309 437 103 378 99 295 801 -1 56 418 427 693 118 245 139 219 381 377 200 168 713 354 721 543 201 127 265 197 303 692 315 406 262 553 343 330 671 263 525 547 410 323 306 493 494 582 336 338 305 473 285 280 503 483 337 603 250 657 199 507 270 687 293 444 470 528 169 426 244 446 412 624 72 232 123 239 366 396 572 191 496 194 343 
250 192 109 442 370 325 600 595 453 231 624 413 159 358 453 327 301 363 490 134 371 142 316 779 56 -1 468 389 692 139 288 194 212 416 424 239 149 682 304 709 504 206 176 317 251 347 734 361 446 317 497 380 383 655 305 548 552 360 372 250 503 448 620 281 383 250 505 341 224 551 429 337 608 302 684 200 540 309 666 349 411 493 524 114 419 301 465 417 608 128 280 103 192 409 393 592 206 496 142 382 
640 484 475 382 206 211 339 152 840 259 318 543 619 151 660 758 230 131 55 443 476 327 557 879 418 468 -1 679 640 358 420 284 589 178 64 245 452 866 686 741 775 550 380 155 313 428 309 119 131 282 949 498 304 727 182 338 491 738 95 695 421 785 247 746 111 714 235 207 687 94 837 420 524 335 393 394 242 451 775 273 663 309 541 582 504 221 328 418 690 364 381 447 584 460 464 389 342 496 610 160 
172 580 287 385 484 467 593 740 207 550 642 199 439 644 113 249 449 636 725 523 237 431 701 428 427 389 679 -1 471 370 673 512 570 529 616 453 269 303 143 416 115 581 554 579 609 731 823 562 582 665 419 769 736 347 502 531 407 139 600 276 412 115 693 365 568 348 562 657 340 724 237 276 451 668 665 296 594 696 328 693 51 494 327 359 246 618 452 330 309 489 658 307 208 794 266 542 347 335 381 525 
604 859 594 284 463 492 338 595 669 699 388 301 818 711 360 714 496 692 695 793 323 625 983 296 693 692 640 471 -1 578 892 680 904 468 587 561 546 382 601 139 463 894 780 650 784 935 582 576 509 809 890 997 868 180 553 310 157 610 620 718 227 564 482 809 560 785 410 758 768 620 707 355 115 842 354 494 416 925 245 822 420 331 169 735 278 735 316 283 187 714 860 590 602 992 299 269 507 197 767 502 
287 281 117 312 233 189 461 471 494 179 485 326 297 282 399 400 165 279 391 214 270 62 405 705 118 139 358 370 578 -1 330 142 337 281 306 114 104 633 338 614 483 319 210 224 244 382 602 242 315 296 591 434 367 568 181 410 429 393 265 336 374 459 485 393 260 360 367 288 334 432 485 224 485 305 545 92 402 359 590 323 375 355 415 237 318 248 329 295 522 140 305 88 229 444 285 455 72 381 270 249 
538 128 386 611 459 417 695 572 736 200 697 656 344 269 723 600 404 289 407 156 599 272 139 1035 245 288 420 673 892 330 -1 212 231 483 415 333 410 956 592 941 788 185 121 289 116 59 729 375 481 139 739 104 158 897 361 663 737 647 351 518 672 737 652 516 401 492 581 213 470 514 707 549 789 86 770 422 607 34 920 159 689 611 737 368 646 201 602 609 851 190 39 367 480 121 611 716 392 700 375 439 
415 217 241 398 254 209 495 424 624 39 504 458 336 164 540 513 194 169 299 164 396 81 321 837 139 194 284 512 680 142 212 -1 311 286 252 121 244 772 468 734 625 277 114 129 107 256 574 195 297 153 691 316 225 694 160 457 524 524 191 440 460 597 476 476 221 444 384 153 418 374 608 343 576 168 574 228 414 246 722 180 517 404 528 308 442 111 391 398 649 79 180 214 354 315 404 508 188 489 334 243 
405 111 316 649 550 503 790 735 572 330 806 623 146 447 650 424 482 461 593 147 583 311 157 981 219 212 589 570 904 337 231 311 -1 590 563 409 360 872 453 919 680 46 209 436 287 279 886 506 607 345 528 270 385 863 466 743 762 501 501 344 711 601 786 313 532 297 685 405 282 682 534 549 819 300 872 410 718 227 869 373 601 688 736 212 631 375 665 628 816 236 253 314 361 324 605 790 409 708 198 549 
524 503 383 204 50 91 211 211 709 284 218 373 576 251 494 651 115 230 233 445 309 282 605 701 381 416 178 529 468 281 483 286 590 -1 119 181 346 692 563 564 616 560 401 200 367 511 323 115 54 368 850 580 417 548 126 184 315 609 155 601 244 642 204 668 93 636 98 304 610 196 715 257 353 413 288 274 128 517 597 374 506 141 363 518 331 292 152 242 511 354 445 358 477 559 293 239 231 318 551 43 
582 463 421 322 142 148 303 173 780 234 291 479 579 154 596 703 167 131 116 415 412 282 548 819 377 424 64 616 587 306 415 252 563 119 -1 192 395 803 627 683 711 526 357 129 301 431 323 63 81 284 896 502 320 666 125 292 435 678 64 642 364 723 237 697 48 665 191 212 638 127 779 356 471 335 366 334 207 448 713 282 599 257 481 536 440 214 271 356 628 330 376 393 528 471 400 345 282 436 566 97 
395 328 230 278 140 93 381 358 598 137 396 360 398 193 458 512 74 183 281 268 295 101 440 734 200 239 245 453 561 114 333 121 409 181 192 -1 207 684 443 622 559 382 232 126 223 373 494 128 207 252 705 436 318 587 67 339 404 496 154 450 339 552 382 506 146 474 275 217 447 318 593 238 456 280 462 157 308 367 621 271 447 285 414 347 337 184 270 282 543 177 299 201 339 430 297 390 105 373 379 143 
187 335 48 313 296 260 496 551 391 282 529 264 276 387 312 308 236 383 489 271 223 163 461 633 168 149 452 269 546 104 410 244 360 346 395 207 -1 546 235 559 384 356 289 327 339 466 670 334 390 396 505 510 467 506 270 438 412 289 362 254 371 354 545 326 347 294 418 392 269 519 385 196 469 399 579 75 454 437 519 424 280 385 377 198 270 352 351 280 459 221 392 46 133 529 247 475 115 352 232 324 
474 874 575 494 660 663 660 879 410 806 714 326 742 875 233 524 652 862 919 814 394 695 998 160 713 682 866 303 382 633 956 772 872 692 803 684 546 -1 437 253 204 881 835 807 877 1012 915 764 745 925 638 1056 996 201 714 608 430 408 808 570 480 316 794 653 760 642 682 902 637 883 461 452 440 938 705 543 704 983 136 949 271 597 348 662 362 866 561 449 208 766 936 590 510 1074 402 592 587 388 684 706 
54 484 226 464 513 485 671 773 156 508 713 308 312 620 254 113 462 617 724 436 321 390 597 570 354 304 686 143 601 338 592 468 453 563 627 443 235 437 -1 557 234 472 480 562 549 651 878 567 611 612 304 679 682 489 503 608 515 56 597 133 504 148 749 221 578 206 617 621 200 747 152 338 565 604 749 293 652 611 472 643 192 563 445 242 348 579 522 413 449 424 585 254 114 713 353 630 344 443 256 548 
573 890 602 362 548 568 466 715 594 758 518 295 814 792 303 666 567 774 796 824 343 669 1016 157 721 709 741 416 139 614 941 734 919 564 683 622 559 253 557 -1 376 915 823 727 841 989 716 662 611 875 823 1046 939 69 628 428 251 553 707 685 320 488 609 776 649 756 521 832 743 733 638 391 233 901 490 523 534 972 119 892 365 437 208 730 295 804 413 341 108 754 913 606 584 1049 330 395 548 252 759 591 
275 695 402 448 574 563 649 822 219 662 700 252 544 752 128 320 547 743 823 639 309 544 815 349 543 504 775 115 463 483 788 625 680 616 711 559 384 204 234 376 -1 694 669 686 723 846 891 662 670 779 450 884 850 307 603 588 438 204 701 366 461 116 762 449 664 438 635 768 434 813 267 358 472 783 712 404 665 812 269 806 112 559 350 468 301 729 518 394 280 604 774 422 319 909 331 590 454 373 487 617 
422 67 314 632 522 475 763 697 599 292 778 620 177 406 655 452 456 421 552 114 576 286 125 984 201 206 550 581 894 319 185 277 46 560 526 382 356 881 472 915 694 -1 169 398 244 234 850 472 574 300 567 230 339 861 435 719 749 523 464 372 694 621 753 349 498 330 657 362 312 643 563 538 804 255 845 399 688 182 872 328 610 664 727 230 624 333 643 614 815 205 207 309 374 282 596 767 392 697 223 518 
426 105 267 503 368 322 609 528 629 123 619 536 272 238 601 500 306 252 384 69 480 155 208 915 127 176 380 554 780 210 121 114 209 401 357 232 289 835 480 823 669 169 -1 229 86 177 681 305 409 152 657 224 212 778 274 570 627 536 294 420 566 622 587 434 332 406 499 200 382 473 605 432 681 127 688 301 529 149 800 184 568 517 622 273 528 167 502 497 732 69 105 247 366 240 493 622 275 586 288 358 
512 334 340 368 188 158 410 298 718 105 408 481 465 67 583 622 160 57 173 289 414 181 419 848 265 317 155 579 650 224 289 129 436 200 129 126 327 807 562 727 686 398 229 -1 174 312 451 86 191 168 808 381 219 698 98 385 492 616 65 554 422 677 364 598 112 566 295 107 540 246 709 356 538 213 482 284 319 322 737 174 574 338 518 432 452 92 338 385 656 208 250 311 453 358 412 439 232 475 459 157 
495 177 327 501 343 302 578 464 702 86 580 565 358 164 644 578 291 181 309 156 504 182 246 944 197 251 313 609 784 244 116 107 287 367 301 223 339 877 549 841 723 244 86 174 -1 150 620 259 365 67 741 215 133 802 245 547 627 606 237 500 562 686 538 519 285 490 464 117 465 407 680 451 678 61 653 333 490 150 830 99 618 496 635 355 549 91 488 504 756 125 79 303 434 208 512 600 296 595 373 323 
597 184 444 652 491 452 722 579 796 237 719 708 400 279 778 659 442 301 408 216 649 322 158 1087 303 347 428 731 935 382 59 256 279 511 431 373 466 1012 651 989 846 234 177 312 150 -1 736 398 502 147 795 70 137 947 393 694 778 707 369 577 712 796 668 573 424 549 607 221 528 519 767 598 829 98 793 474 631 52 973 155 746 644 784 427 696 220 637 654 902 245 76 424 539 62 659 747 441 745 433 467 
844 786 707 443 373 413 254 156 1017 557 200 639 893 460 763 972 438 440 331 738 587 593 866 872 692 734 309 823 582 602 729 574 886 323 323 494 670 915 878 716 891 850 681 451 620 736 -1 380 287 591 1172 805 608 731 428 307 485 920 386 925 438 939 130 992 354 960 262 516 934 216 1029 549 485 645 230 597 229 760 793 580 791 332 567 840 590 529 373 497 709 652 690 682 799 764 561 324 555 531 872 353 
521 410 358 299 114 101 323 234 721 182 321 438 517 136 550 640 115 116 162 359 370 219 503 791 315 361 119 562 576 242 375 195 506 115 63 128 334 764 567 662 662 472 305 86 259 398 380 -1 106 254 833 468 301 639 63 300 420 619 45 579 349 668 282 634 27 601 208 189 575 190 718 313 462 300 395 275 232 408 683 258 549 256 455 472 403 178 260 325 599 272 336 330 466 444 362 354 222 411 503 75 
571 514 423 255 98 129 223 161 759 288 216 427 605 230 549 697 154 208 186 460 363 307 609 751 406 446 131 582 509 315 481 297 607 54 81 207 390 745 611 611 670 574 409 191 365 502 287 106 -1 356 895 572 397 598 142 211 360 659 134 643 290 694 178 707 79 674 110 287 648 142 764 311 393 404 291 320 129 514 648 357 560 178 413 552 385 282 197 295 562 371 442 397 522 545 347 264 274 368 585 66 
558 233 388 525 353 317 577 435 766 119 573 608 424 132 693 645 312 154 268 221 544 234 278 985 262 317 282 665 809 296 139 153 345 368 284 252 396 925 612 875 779 300 152 168 67 147 591 254 356 -1 808 217 71 839 257 552 651 669 222 567 582 747 521 586 279 557 462 75 533 375 746 488 699 53 647 382 485 169 871 31 671 505 666 423 588 76 502 534 795 189 102 362 497 190 549 606 339 625 440 325 
329 611 475 768 800 765 974 1056 231 729 1015 608 394 855 530 200 741 858 980 592 626 627 684 794 553 497 949 419 890 591 739 691 528 850 896 705 505 638 304 823 450 567 657 808 741 795 1172 833 895 808 -1 797 869 753 771 912 818 281 855 254 809 335 1045 223 850 250 914 839 275 1022 185 642 865 782 1053 576 949 745 719 840 470 865 743 385 651 798 825 717 720 624 747 503 373 847 657 935 621 745 368 829 
626 196 483 715 558 518 791 649 817 301 789 760 406 349 823 675 507 371 476 245 704 377 122 1139 343 380 498 769 997 434 104 316 270 580 502 436 510 1056 679 1046 884 230 224 381 215 70 805 468 572 217 797 -1 202 1002 461 762 841 733 439 593 776 826 738 578 494 558 676 291 539 589 785 654 892 167 863 526 700 74 1024 225 788 711 842 446 751 289 703 714 956 294 137 466 570 63 716 815 497 804 446 536 
628 276 458 585 408 376 621 452 835 189 611 676 480 167 764 711 373 189 277 277 612 305 291 1052 330 383 304 736 868 367 158 225 385 417 320 318 467 996 682 939 850 339 212 219 133 137 608 301 397 71 869 202 -1 906 315 601 711 738 263 632 641 817 550 646 324 618 507 112 594 392 813 556 757 87 686 452 526 177 939 47 742 557 730 485 655 134 558 598 862 258 131 433 567 156 616 656 409 688 500 375 
507 840 547 344 527 542 477 715 524 721 530 243 753 764 235 597 538 748 782 774 298 625 966 152 671 655 727 347 180 568 897 694 863 548 666 587 506 201 489 69 307 861 778 698 802 947 731 639 598 839 753 1002 906 -1 600 432 250 484 684 618 312 419 617 710 629 690 518 801 678 728 568 351 247 862 512 476 534 928 65 858 297 432 185 669 252 771 402 313 46 708 871 553 522 1008 290 406 506 230 698 571 
457 377 295 270 97 60 335 290 657 160 344 387 464 164 495 577 62 149 223 320 319 164 480 750 263 305 182 502 553 181 361 160 466 126 125 67 270 714 503 628 603 435 274 98 245 393 428 63 142 257 771 461 315 600 -1 301 395 555 98 517 326 606 320 574 79 541 224 205 515 251 654 261 442 296 413 211 254 395 639 269 490 250 419 414 356 182 245 287 558 230 324 268 403 445 315 354 159 376 446 83 
584 668 484 146 204 248 62 287 733 462 112 337 703 435 460 713 264 414 392 606 294 433 778 579 525 548 338 531 310 410 663 457 743 184 292 339 438 608 608 428 588 719 570 385 547 694 307 300 211 552 912 762 601 432 301 -1 182 643 339 681 130 646 185 761 277 730 103 489 707 310 752 269 197 595 142 364 106 697 491 558 493 55 260 633 288 476 88 200 406 516 626 467 551 743 265 54 342 223 667 227 
506 710 461 126 306 334 230 465 614 542 284 209 688 554 313 627 339 535 546 644 201 473 831 399 547 552 491 407 157 429 737 524 762 315 435 404 412 430 515 251 438 749 627 492 627 778 485 420 360 651 818 841 711 250 395 182 -1 537 465 615 71 516 367 704 405 677 270 600 657 482 642 216 56 684 279 352 285 770 309 664 360 185 88 608 167 577 163 134 224 562 704 453 490 834 171 161 357 72 642 347 
110 537 283 497 560 534 705 821 102 564 750 327 358 675 252 116 512 672 777 491 350 446 648 550 410 360 738 139 610 393 647 524 501 609 678 496 289 408 56 553 204 523 536 616 606 707 920 619 659 669 281 733 738 484 555 643 537 -1 650 166 532 101 791 245 629 236 658 677 236 796 109 375 584 661 781 344 693 666 459 699 190 600 461 292 371 635 559 444 447 481 641 310 171 768 381 661 396 464 303 596 
549 400 382 344 159 144 357 233 752 171 350 481 524 96 591 665 156 74 127 354 413 232 483 836 323 372 95 600 620 265 351 191 501 155 64 154 362 808 597 707 701 464 294 65 237 369 386 45 134 222 855 439 263 684 98 339 465 650 -1 601 394 703 301 650 61 618 243 152 592 182 747 356 506 272 425 308 263 384 727 223 589 297 501 486 447 150 304 371 644 271 312 353 493 411 406 393 255 456 515 118 
113 397 221 543 551 514 741 803 228 479 778 418 198 603 383 81 489 605 725 363 414 373 497 704 306 250 695 276 718 336 518 440 344 601 642 450 254 570 133 685 366 372 420 554 500 577 925 579 643 567 254 593 632 618 517 681 615 166 601 -1 593 268 800 92 596 72 671 591 69 768 191 416 669 548 823 328 707 531 604 598 322 630 554 149 450 549 593 498 576 378 519 248 130 635 445 711 370 545 148 577 
487 652 420 62 235 265 188 403 617 475 241 213 647 484 332 614 271 464 476 587 183 414 772 463 493 503 421 412 227 374 672 460 711 244 364 339 371 480 504 320 461 694 566 422 562 712 438 349 290 582 809 776 641 312 326 130 71 532 394 593 -1 526 314 679 334 649 206 530 628 416 641 178 116 617 253 305 225 706 367 595 370 120 132 569 165 508 93 94 281 502 639 409 464 768 151 130 302 93 604 276 
200 631 359 501 595 576 709 853 105 636 757 312 458 740 206 210 556 734 829 581 353 517 745 465 494 448 785 115 564 459 737 597 601 642 723 552 354 316 148 488 116 621 622 677 686 796 939 668 694 747 335 826 817 419 606 646 516 101 703 268 526 -1 809 343 675 336 677 747 337 835 150 391 557 743 779 395 710 757 384 776 156 610 433 390 360 706 568 446 387 562 727 384 256 858 381 657 448 446 403 635 
716 692 585 314 252 295 143 127 887 465 95 510 780 388 634 845 319 367 288 639 457 483 784 763 582 620 247 693 482 485 652 476 786 204 237 382 545 794 749 609 762 753 587 364 538 668 130 282 178 521 1045 738 550 617 320 185 367 791 301 800 314 809 -1 870 255 838 132 447 812 175 899 418 375 572 159 471 98 685 676 516 661 203 446 722 461 451 244 368 591 550 613 561 673 705 431 213 433 407 755 239 
205 388 285 627 619 579 821 864 282 512 855 509 173 640 474 134 554 645 771 369 503 419 470 792 336 281 746 365 809 393 516 476 313 668 697 506 326 653 221 776 449 349 434 598 519 573 992 634 707 586 223 578 646 710 574 761 704 245 650 92 679 343 870 -1 653 32 744 620 58 825 234 501 758 559 903 401 780 523 694 617 413 709 645 167 540 580 673 584 668 405 523 310 214 627 534 794 437 635 145 641 
534 437 375 287 102 100 298 212 731 209 295 435 540 157 550 655 119 136 160 385 368 241 530 781 338 383 111 568 560 260 401 221 532 93 48 146 347 760 578 649 664 498 332 112 285 424 354 27 79 279 850 494 324 629 79 277 405 629 61 596 334 675 255 653 -1 620 183 212 594 172 730 311 445 326 369 285 206 435 674 282 552 235 444 493 398 204 243 317 590 297 363 347 480 469 357 331 234 399 524 58 
183 366 253 597 586 546 789 831 284 481 823 484 152 609 455 133 521 613 739 342 475 386 453 776 305 250 714 348 785 360 492 444 297 636 665 474 294 642 206 756 438 330 406 566 490 549 960 601 674 557 250 558 618 690 541 730 677 236 618 72 649 336 838 32 620 -1 712 590 26 792 240 471 731 532 872 369 748 501 677 589 394 678 619 136 513 550 642 555 647 375 498 277 186 604 505 763 405 607 118 608 
584 601 459 190 135 182 114 198 755 383 121 383 664 339 508 713 204 317 289 542 327 375 703 669 473 505 235 562 410 367 581 384 685 98 191 275 418 682 617 521 635 657 499 295 464 607 262 208 110 462 914 676 507 518 224 103 270 658 243 671 206 677 132 744 183 712 -1 395 687 211 767 286 295 508 189 343 36 615 573 465 531 85 337 601 336 387 120 242 487 451 543 437 543 653 303 154 308 295 635 142 
568 295 394 475 296 265 510 360 777 113 503 578 468 58 673 665 265 80 194 269 512 231 352 950 285 341 207 657 758 288 213 153 405 304 212 217 392 902 621 832 768 362 200 107 117 221 516 189 287 75 839 291 112 801 205 489 600 677 152 591 530 747 447 620 212 590 395 -1 564 300 761 455 645 128 577 364 416 243 838 70 658 444 623 453 553 41 445 490 758 214 175 366 507 259 513 543 316 580 475 263 
171 345 227 575 561 520 765 805 293 455 799 467 135 583 444 142 495 587 713 319 456 360 437 769 280 224 687 340 768 334 470 418 282 610 638 447 269 637 200 743 434 312 382 540 465 528 934 575 648 533 275 539 594 678 515 707 657 236 592 69 628 337 812 58 594 26 687 564 -1 766 252 449 711 508 848 345 723 480 667 564 385 654 601 110 495 524 619 534 635 349 475 251 167 584 486 741 379 588 95 582 
704 578 547 389 240 262 295 60 897 351 261 569 706 245 691 827 285 226 117 535 506 409 651 879 503 551 94 724 620 432 514 374 682 196 127 318 519 883 747 733 813 643 473 246 407 519 216 190 142 375 1022 589 392 728 251 310 482 796 182 768 416 835 175 825 172 792 211 300 766 -1 899 454 506 429 332 453 204 544 781 364 702 296 544 663 526 316 325 434 695 453 475 519 652 549 488 355 404 500 693 200 
197 588 370 606 666 637 814 926 52 648 859 433 387 765 346 110 614 764 874 551 459 533 688 614 483 429 837 237 707 485 707 608 534 715 779 593 385 461 152 638 267 563 605 709 680 767 1029 718 764 746 185 785 813 568 654 752 642 109 747 191 641 150 899 234 730 240 767 761 252 899 -1 484 688 732 890 445 801 722 535 777 288 709 564 339 478 719 668 553 535 556 706 398 256 826 490 770 496 570 339 700 
314 505 245 127 216 212 332 465 469 370 375 125 472 424 239 443 200 410 471 438 58 277 629 496 337 337 420 276 355 224 549 343 549 257 356 238 196 452 338 391 358 538 432 356 451 598 549 313 311 488 642 654 556 351 261 269 216 375 356 416 178 391 418 501 311 471 286 455 449 454 484 -1 272 511 411 138 320 581 383 509 249 224 190 393 99 422 184 84 306 363 521 237 286 658 61 295 157 158 427 260 
558 765 517 177 350 381 233 484 657 592 286 257 745 598 351 678 388 578 579 699 255 527 886 388 603 608 524 451 115 485 789 576 819 353 471 456 469 440 565 233 472 804 681 538 678 829 485 462 393 699 865 892 757 247 442 197 56 584 506 669 116 557 375 758 445 731 295 645 711 506 688 272 -1 734 265 408 303 822 310 711 402 215 124 664 219 624 201 191 231 616 755 510 545 884 226 162 412 123 698 387 
550 190 385 558 394 355 623 488 755 143 621 626 392 185 705 628 346 206 321 190 565 243 225 1005 250 302 335 668 842 305 86 168 300 413 335 280 399 938 604 901 783 255 127 213 61 98 645 300 404 53 782 167 87 862 296 595 684 661 272 548 617 743 572 559 326 532 508 128 508 429 732 511 734 -1 695 395 532 115 891 74 678 546 694 400 610 122 541 563 817 181 50 361 490 150 572 649 357 654 414 369 
725 790 625 285 322 369 83 286 869 572 75 467 841 520 585 854 389 498 439 730 431 561 893 648 657 684 393 665 354 545 770 574 872 288 366 462 579 705 749 490 712 845 688 482 653 793 230 395 291 647 1053 863 686 512 413 142 279 781 425 823 253 779 159 903 369 872 189 577 848 332 890 411 265 695 -1 505 162 803 576 648 624 194 367 772 418 573 230 337 496 639 731 606 693 837 401 122 480 339 807 331 
251 367 120 245 224 192 421 482 446 262 454 234 343 348 311 377 168 341 435 301 180 152 493 613 199 200 394 296 494 92 422 228 410 274 334 157 75 543 293 523 404 399 301 284 333 474 597 275 320 382 576 526 452 476 211 364 352 344 308 328 305 395 471 401 285 369 343 364 345 453 445 138 408 395 505 -1 379 451 498 407 293 310 328 269 228 326 277 217 430 232 397 104 202 536 197 402 52 297 304 255 
620 631 495 217 169 216 97 181 789 410 90 412 699 359 537 749 239 337 294 574 358 409 732 684 507 540 242 594 416 402 607 414 718 128 207 308 454 704 652 534 665 688 529 319 490 631 229 232 129 485 949 700 526 534 254 106 285 693 263 707 225 710 98 780 206 748 36 416 723 204 801 320 303 532 162 379 -1 641 592 486 562 107 357 637 364 411 147 270 506 483 569 473 579 674 333 151 344 316 671 171 
557 135 410 644 493 451 729 603 752 234 730 686 350 300 749 613 438 320 436 175 630 303 113 1064 270 309 451 696 925 359 34 246 227 517 448 367 437 983 611 972 812 182 149 322 150 52 760 408 514 169 745 74 177 928 395 697 770 666 384 531 706 757 685 523 435 501 615 243 480 544 722 581 822 115 803 451 641 -1 950 185 714 645 769 382 677 234 635 642 882 219 72 393 500 104 642 750 423 732 386 473 
496 855 557 393 572 583 538 771 488 752 592 264 753 804 224 575 577 788 830 790 326 650 981 114 687 666 775 328 245 590 920 722 869 597 713 621 519 136 472 119 269 872 800 737 830 973 793 683 648 871 719 1024 939 65 639 491 309 459 727 604 367 384 676 694 674 677 573 838 667 781 535 383 310 891 576 498 592 950 -1 892 282 487 237 669 284 805 456 357 86 730 896 566 518 1034 324 468 533 280 696 617 
589 262 417 539 363 330 580 424 797 144 573 629 456 128 718 676 326 150 252 252 565 261 298 1005 293 349 273 693 822 323 159 180 373 374 282 271 424 949 643 892 806 328 184 174 99 155 580 258 357 31 840 225 47 858 269 558 664 699 223 598 595 776 516 617 282 589 465 70 564 364 777 509 711 74 648 407 486 185 892 -1 698 512 683 454 608 87 512 551 815 221 124 392 528 189 568 613 362 641 472 332 
214 603 305 349 463 451 555 715 254 554 604 156 476 640 61 300 434 630 711 544 203 437 727 385 444 411 663 51 420 375 689 517 601 506 599 447 280 271 192 365 112 610 568 574 618 746 791 549 560 671 470 788 742 297 490 493 360 190 589 322 370 156 661 413 552 394 531 658 385 702 288 249 402 678 624 293 562 714 282 698 -1 459 278 394 205 619 417 294 258 501 672 321 241 809 229 501 342 290 418 506 
536 613 430 111 152 195 111 283 693 410 150 307 648 392 431 665 210 371 364 551 256 377 725 583 470 493 309 494 331 355 611 404 688 141 257 285 385 597 563 437 559 664 517 338 496 644 332 256 178 505 865 711 557 432 250 55 185 600 297 630 120 610 203 709 235 678 85 444 654 296 709 224 215 546 194 310 107 645 487 512 459 -1 251 578 258 429 41 165 401 461 575 412 500 694 229 104 287 209 613 181 
442 696 424 158 342 360 314 535 533 551 368 136 648 583 227 558 358 566 596 629 153 467 820 338 528 524 541 327 169 415 737 528 736 363 481 414 377 348 445 208 350 727 622 518 635 784 567 455 413 666 743 842 730 185 419 260 88 461 501 554 132 433 446 645 444 619 337 623 601 544 564 190 124 694 367 328 357 769 237 683 278 251 -1 565 108 596 219 132 150 554 708 421 435 843 131 248 346 44 597 386 
193 249 149 512 470 427 688 705 371 345 717 439 84 473 446 231 402 478 605 213 412 254 355 778 169 114 582 359 735 237 368 308 212 518 536 347 198 662 242 730 468 230 273 432 355 427 840 472 552 423 385 446 485 669 414 633 608 292 486 149 569 390 722 167 493 136 601 453 110 663 339 393 664 400 772 269 637 382 669 454 394 578 565 -1 457 413 546 477 624 239 369 166 152 486 439 671 293 544 34 486 
339 595 317 147 298 302 349 528 453 469 400 49 540 520 173 460 294 505 557 529 48 374 721 397 426 419 504 246 278 318 646 442 631 331 440 337 270 362 348 295 301 624 528 452 549 696 590 403 385 588 651 751 655 252 356 288 167 371 447 450 165 360 461 540 398 513 336 553 495 526 478 99 219 610 418 228 364 677 284 608 205 258 108 457 -1 521 217 94 207 458 619 316 328 756 40 296 254 95 489 343 
526 266 352 451 277 243 502 373 735 71 499 544 430 72 637 624 238 89 218 235 479 189 336 919 244 301 221 618 735 248 201 111 375 292 214 184 352 866 579 804 729 333 167 92 91 220 529 178 282 76 798 289 134 771 182 476 577 635 150 549 508 706 451 580 204 550 387 41 524 316 719 422 624 122 573 326 411 234 805 87 619 429 596 413 521 -1 427 463 728 174 162 325 466 266 481 530 279 553 435 249 
496 595 397 70 149 185 148 318 651 401 191 266 618 396 390 626 197 376 383 531 215 357 710 555 446 465 328 452 316 329 602 391 665 152 271 270 351 561 522 413 518 643 502 338 488 637 373 260 197 502 825 703 558 402 245 88 163 559 304 593 93 568 244 673 243 642 120 445 619 325 668 184 201 541 230 277 147 635 456 512 417 41 219 546 217 427 -1 124 369 443 566 380 463 690 188 126 259 175 581 186 
394 577 329 54 214 228 263 435 533 420 311 141 556 451 266 521 225 434 473 510 94 342 699 465 412 417 418 330 283 295 609 398 628 242 356 282 280 449 413 341 394 614 497 385 504 654 497 325 295 534 717 714 598 313 287 200 134 444 371 498 94 446 368 584 317 555 242 490 534 434 553 84 191 563 337 217 270 642 357 551 294 165 132 477 94 463 124 -1 273 430 579 319 369 712 64 217 223 91 511 260 
464 793 501 307 488 501 454 685 493 676 509 196 708 723 196 558 496 707 744 728 252 579 919 192 624 608 690 309 187 522 851 649 816 511 628 543 459 208 449 108 280 815 732 656 756 902 709 599 562 795 720 956 862 46 558 406 224 447 644 576 281 387 591 668 590 647 487 758 635 695 535 306 231 817 496 430 506 882 86 815 258 401 150 624 207 728 369 273 -1 662 825 506 477 963 246 385 460 194 653 533 
370 152 203 439 317 270 559 503 577 109 572 466 258 238 532 455 251 246 377 90 411 88 270 845 72 128 364 489 714 140 190 79 236 354 330 177 221 766 424 754 604 205 69 208 125 245 652 272 371 189 624 294 258 708 230 516 562 481 271 378 502 562 550 405 297 375 451 214 349 453 556 363 616 181 639 232 483 219 730 221 501 461 554 239 458 174 443 430 662 -1 170 181 309 308 424 565 207 518 261 313 
530 144 371 578 422 381 657 533 732 164 658 631 354 230 702 600 370 250 369 156 573 246 177 1011 232 280 381 658 860 305 39 180 253 445 376 299 392 936 585 913 774 207 105 250 79 76 690 336 442 102 747 137 131 871 324 626 704 641 312 519 639 727 613 523 363 498 543 175 475 475 706 521 755 50 731 397 569 72 896 124 672 575 708 369 619 162 566 579 825 170 -1 351 471 138 583 679 365 669 380 402 
202 288 28 349 309 269 522 556 410 254 552 310 239 367 357 311 244 365 479 225 268 136 414 679 123 103 447 307 590 88 367 214 314 358 393 201 46 590 254 606 422 309 247 311 303 424 682 330 397 362 503 466 433 553 268 467 453 310 353 248 409 384 561 310 347 277 437 366 251 519 398 237 510 361 606 104 473 393 566 392 321 412 421 166 316 325 380 319 506 181 351 -1 142 487 291 506 128 395 200 331 
60 377 114 414 427 393 611 683 269 394 649 301 234 509 294 175 368 508 620 325 289 278 495 626 239 192 584 208 602 229 480 354 361 477 528 339 133 510 114 584 319 374 366 453 434 539 799 466 522 497 373 570 567 522 403 551 490 171 493 130 464 256 673 214 480 186 543 507 167 652 256 286 545 490 693 202 579 500 518 528 241 500 435 152 328 466 463 369 477 309 471 142 -1 601 319 581 248 421 177 456 
659 239 507 708 542 504 768 609 856 292 762 770 454 317 841 717 496 339 433 277 710 384 184 1149 366 409 460 794 992 444 121 315 324 559 471 430 529 1074 713 1049 909 282 240 358 208 62 764 444 545 190 847 63 156 1008 445 743 834 768 411 635 768 858 705 627 469 604 653 259 584 549 826 658 884 150 837 536 674 104 1034 189 809 694 843 486 756 266 690 712 963 308 138 487 601 -1 719 797 502 803 490 515 
338 564 295 119 258 262 327 493 468 431 376 81 521 479 205 463 253 464 517 498 31 339 689 437 396 393 464 266 299 285 611 404 605 293 400 297 247 402 353 330 331 596 493 412 512 659 561 362 347 549 657 716 616 290 315 265 171 381 406 445 151 381 431 534 357 505 303 513 486 488 490 61 226 572 401 197 333 642 324 568 229 229 131 439 40 481 188 64 246 424 583 291 319 719 -1 279 218 105 473 303 
610 718 522 167 256 299 70 326 748 515 124 344 744 489 462 738 315 468 443 655 310 481 830 550 572 592 389 542 269 455 716 508 790 239 345 390 475 592 630 395 590 767 622 439 600 747 324 354 264 606 935 815 656 406 354 54 161 661 393 711 130 657 213 794 331 763 154 543 741 355 770 295 162 649 122 402 151 750 468 613 501 104 248 671 296 530 126 217 385 565 679 506 581 797 279 -1 385 217 706 281 
300 353 152 239 181 144 396 435 498 219 424 269 360 297 357 423 120 289 382 286 208 120 475 648 191 206 342 347 507 72 392 188 409 231 282 105 115 587 344 548 454 392 275 232 296 441 555 222 274 339 621 497 409 506 159 342 357 396 255 370 302 448 433 437 234 405 308 316 379 404 496 157 412 357 480 52 344 423 533 362 342 287 346 293 254 279 259 223 460 207 365 128 248 502 218 385 -1 311 327 208 
434 662 400 113 297 316 280 493 542 511 333 137 626 540 246 555 315 522 551 596 133 430 786 383 496 496 496 335 197 381 700 489 708 318 436 373 352 388 443 252 373 697 586 475 595 745 531 411 368 625 745 804 688 230 376 223 72 464 456 545 93 446 407 635 399 607 295 580 588 500 570 158 123 654 339 297 316 732 280 641 290 209 44 544 95 553 175 91 194 518 669 395 421 803 105 217 311 -1 578 341 
211 251 184 546 503 460 723 736 375 369 752 470 57 497 472 229 435 504 632 224 445 284 349 803 194 142 610 381 767 270 375 334 198 551 566 379 232 684 256 759 487 223 288 459 373 433 872 503 585 440 368 446 500 698 446 667 642 303 515 148 604 403 755 145 524 118 635 475 95 693 339 427 698 414 807 304 671 386 696 472 418 613 597 34 489 435 581 511 653 261 380 200 177 490 473 706 327 578 -1 519 
507 460 357 228 45 63 255 227 697 241 261 382 541 211 500 631 87 191 213 404 316 244 561 724 343 382 160 525 502 249 439 243 549 43 97 143 324 706 548 591 617 518 358 157 323 467 353 75 66 325 829 536 375 571 83 227 347 596 118 577 276 635 239 641 58 608 142 263 582 200 700 260 387 369 331 255 171 473 617 332 506 181 386 486 343 249 186 260 533 313 402 331 456 515 303 281 208 341 519 -1 
