100
-1 629 435 185 482 675 912 346 691 199 153 635 421 770 153 461 493 148 219 732 108 468 414 442 327 531 407 657 88 630 226 579 136 613 240 141 336 472 466 662 314 467 487 518 169 419 585 363 203 608 307 625 541 813 358 727 583 248 87 730 348 624 785 705 708 251 751 649 285 278 415 609 544 413 597 247 58 301 190 197 386 399 522 566 665 820 277 368 396 524 350 442 688 267 468 622 162 648 746 694 
629 -1 325 774 730 71 293 286 84 443 481 156 225 160 556 208 477 597 531 352 737 160 268 578 523 475 224 502 644 175 542 130 531 45 829 762 321 261 567 147 649 174 613 289 793 320 49 445 646 392 336 119 443 194 342 114 306 655 692 277 814 42 604 209 156 551 202 126 619 544 214 470 535 460 224 441 687 477 438 487 404 369 269 318 280 191 777 663 398 134 639 382 358 503 195 69 679 203 530 190 
435 325 -1 522 751 330 608 248 410 241 289 434 142 404 305 322 582 339 463 296 532 228 339 628 208 601 183 272 490 228 259 210 301 342 569 536 128 65 245 272 611 278 676 453 602 403 277 477 365 188 289 250 584 512 368 374 509 581 519 567 510 294 405 294 471 500 520 423 313 241 229 223 652 522 177 188 484 464 286 241 456 433 93 508 537 495 486 649 74 192 319 60 253 210 139 366 553 234 347 490 
185 774 522 -1 639 811 1065 506 844 331 298 802 553 901 221 628 678 183 402 808 131 616 587 620 347 716 550 685 250 742 264 703 243 765 56 76 457 574 459 780 477 625 663 698 180 600 727 548 168 665 476 748 727 965 538 861 764 406 206 906 201 762 799 813 871 432 917 812 255 297 568 642 728 598 698 343 144 486 351 291 571 583 615 748 843 966 133 530 462 655 307 507 758 315 593 778 306 753 775 862 
482 730 751 639 -1 801 916 516 740 549 518 628 645 889 603 527 274 617 303 1003 509 617 472 153 755 296 604 1022 396 839 669 770 564 690 681 566 623 748 895 844 168 573 133 455 487 411 712 291 682 937 466 802 332 841 407 844 477 235 433 636 827 754 1156 907 703 261 722 662 751 719 572 972 250 270 842 623 499 287 485 600 329 363 802 455 564 874 755 115 757 708 816 792 978 689 688 679 333 868 1098 661 
675 71 330 811 801 -1 277 341 118 483 524 219 258 96 590 275 548 630 593 297 783 212 334 649 536 546 268 467 697 134 567 120 569 115 864 804 353 265 562 94 716 237 685 361 842 390 95 514 674 361 393 86 515 185 407 51 375 718 743 329 835 52 560 147 199 615 238 186 638 563 268 442 607 531 194 471 733 542 486 520 473 438 257 388 342 164 802 731 405 156 650 381 311 525 218 137 736 157 486 242 
912 293 608 1065 916 277 -1 565 221 734 769 298 519 227 849 458 642 889 784 518 1020 448 514 764 812 624 515 722 916 402 835 398 822 300 1120 1049 615 542 839 355 876 445 785 468 1070 543 342 665 940 622 608 362 588 99 586 240 439 898 967 291 1107 315 791 377 219 794 194 272 911 836 498 705 679 660 464 734 971 712 722 779 621 588 534 460 355 114 1070 876 682 424 926 659 551 796 487 290 940 416 720 255 
346 286 248 506 516 341 565 -1 344 182 208 296 128 437 304 125 334 344 259 488 454 128 105 383 347 356 89 519 357 334 317 269 269 267 562 484 133 232 454 351 396 120 430 232 507 159 246 231 406 425 55 310 342 467 120 392 297 385 405 409 587 288 651 408 365 287 410 306 412 342 72 471 404 274 327 216 405 230 157 242 208 185 286 289 355 475 535 424 280 206 454 300 461 298 172 275 395 360 588 357 
691 84 410 844 740 118 221 344 -1 513 547 119 303 164 630 243 475 670 572 415 799 227 302 587 606 466 295 580 697 248 619 212 601 78 899 827 398 346 652 212 677 224 616 286 850 342 132 467 722 471 389 194 432 122 376 129 283 691 748 212 893 121 677 265 81 586 121 82 700 624 277 551 526 473 303 517 749 507 501 561 424 389 353 300 233 138 853 685 482 218 721 467 429 583 278 70 725 274 603 126 
199 443 241 331 549 483 734 182 513 -1 47 477 225 575 121 307 452 161 246 537 304 285 278 453 210 483 219 490 248 431 146 382 88 434 386 321 136 273 346 463 393 297 504 402 369 312 396 321 224 424 169 427 479 634 253 534 470 351 279 591 406 433 623 505 543 288 590 484 243 185 237 439 517 375 398 73 254 281 65 66 321 316 325 458 536 635 353 438 219 328 296 261 495 146 270 447 312 448 574 539 
153 481 289 298 518 524 769 208 547 47 -1 504 268 617 109 331 443 144 215 584 260 321 295 432 237 476 257 533 201 476 156 426 67 469 354 281 182 320 377 508 357 327 482 414 323 319 435 309 213 471 182 471 476 669 258 576 482 310 232 612 394 473 666 551 573 256 618 514 250 203 270 483 506 363 445 112 210 262 58 82 316 315 372 468 553 673 336 404 263 371 309 306 543 171 314 480 266 494 619 565 
635 156 434 802 628 219 298 296 119 477 504 -1 303 283 599 173 359 639 488 508 740 213 223 475 609 348 278 646 627 329 603 274 565 113 858 775 386 378 679 303 578 182 501 174 784 245 179 367 699 536 328 274 313 213 291 244 164 600 681 133 877 197 755 364 79 496 117 36 692 618 244 611 407 365 373 498 692 414 451 534 323 289 401 181 123 246 829 580 500 251 723 495 512 574 295 86 646 358 682 61 
421 225 142 553 645 258 519 128 303 225 268 303 -1 350 332 179 450 372 380 359 528 89 201 510 307 466 44 401 453 215 316 158 310 227 606 547 96 108 380 241 522 136 556 311 590 268 176 358 420 301 181 203 447 419 244 309 367 506 494 433 590 209 530 291 351 412 400 297 397 321 88 356 519 397 200 215 478 359 237 262 331 304 158 365 398 414 551 552 198 103 422 202 332 279 48 247 503 239 464 361 
770 160 404 901 889 96 227 437 164 575 617 283 350 -1 679 368 631 718 689 294 878 308 428 737 613 625 363 494 793 182 652 199 660 199 953 897 443 341 622 135 809 332 770 442 937 480 191 606 759 395 490 155 592 160 502 46 446 813 838 368 914 148 567 149 238 710 261 246 717 643 364 477 686 619 243 559 827 637 581 609 564 529 321 462 397 117 886 823 478 246 723 449 324 607 307 212 832 191 495 287 
153 556 305 221 603 590 849 304 630 121 109 599 332 679 -1 429 551 40 307 598 233 402 399 531 173 585 334 506 235 521 73 481 43 551 273 231 237 354 313 558 436 418 581 521 306 428 508 416 104 465 287 526 586 749 367 640 589 379 241 713 286 542 633 592 663 347 711 605 149 125 357 458 612 471 479 121 189 366 167 70 425 425 398 576 657 747 231 488 254 434 212 300 551 115 372 566 309 533 596 660 
461 208 322 628 527 275 458 125 243 307 331 173 179 368 429 -1 291 469 329 495 567 106 60 378 461 300 140 576 458 319 440 249 394 174 685 601 237 282 553 318 441 51 417 132 613 116 185 238 531 471 154 277 276 363 134 322 188 450 510 284 712 227 701 382 247 345 290 189 533 462 94 532 357 259 335 338 519 269 277 367 198 164 325 185 233 380 661 455 373 193 572 381 481 418 199 172 483 349 632 234 
493 477 582 678 274 548 642 334 475 452 443 359 450 631 551 291 -1 581 276 787 570 395 250 125 657 38 406 851 438 610 596 541 508 434 732 622 465 558 780 606 276 342 143 189 584 182 468 135 652 752 303 566 63 569 215 587 203 328 492 363 826 506 981 670 431 253 448 394 692 637 363 804 69 81 626 516 537 192 389 517 132 149 607 182 291 605 760 254 612 485 748 635 771 597 482 418 414 641 915 388 
148 597 339 183 617 630 889 344 670 161 144 639 372 718 40 469 581 -1 327 629 211 442 437 554 186 615 374 526 235 558 89 520 77 591 234 201 276 390 321 596 449 458 603 558 284 464 549 446 71 492 325 565 618 790 402 680 626 388 231 752 250 582 650 629 704 367 751 646 137 135 398 480 640 500 514 159 172 393 202 110 457 459 432 612 695 787 192 501 283 474 203 329 581 138 411 606 310 570 616 700 
219 531 463 402 303 593 784 259 572 246 215 488 380 689 307 329 276 327 -1 737 295 384 270 227 452 314 346 728 163 593 368 528 266 502 455 346 335 471 591 610 148 357 275 338 316 245 498 152 396 651 203 569 328 691 197 643 396 126 219 558 561 541 862 666 566 41 602 511 456 417 329 678 325 197 581 320 261 88 184 297 186 209 527 376 486 710 493 191 459 465 518 496 705 386 428 502 159 618 808 541 
732 352 296 808 1003 297 518 488 415 537 584 508 359 294 598 495 787 629 737 -1 828 392 540 863 467 795 399 219 785 181 544 248 598 395 850 829 409 268 413 205 882 444 907 615 899 607 335 713 643 155 541 234 768 453 597 300 647 861 815 626 758 310 273 151 497 771 534 478 572 513 432 222 853 746 161 485 781 719 574 537 681 650 213 656 632 411 751 912 345 301 553 300 53 493 315 421 845 151 201 538 
108 737 532 131 509 783 1020 454 799 304 260 740 528 878 233 567 570 211 295 828 -1 577 518 500 398 609 515 737 132 735 299 686 231 721 172 57 441 574 529 768 349 574 541 616 73 517 693 446 238 698 413 732 623 921 458 835 680 279 80 832 329 732 861 809 814 318 857 756 330 346 523 690 614 492 700 343 50 383 299 291 476 493 622 662 764 928 258 403 487 631 392 533 783 347 574 730 177 752 827 799 
468 160 228 616 617 212 448 128 227 285 321 213 89 308 402 106 395 442 384 392 577 -1 148 473 395 406 68 472 485 221 395 152 374 149 671 602 175 181 469 229 514 54 515 236 632 214 118 325 496 366 182 187 382 348 211 263 285 510 532 343 670 159 595 290 266 408 315 210 481 406 56 429 462 355 231 292 527 342 278 333 290 258 220 286 309 352 627 535 288 91 510 289 376 363 95 164 524 250 526 273 
414 268 339 587 472 334 514 105 302 278 295 223 201 428 399 60 250 437 270 540 518 148 -1 325 453 264 158 603 404 369 419 299 360 234 644 555 235 309 557 372 381 101 367 126 561 67 242 181 503 502 112 330 245 420 74 382 193 390 458 318 684 285 732 435 299 285 340 243 515 447 114 558 318 207 379 320 471 209 238 342 143 110 357 183 258 440 630 396 380 239 559 395 522 403 232 232 426 398 665 280 
442 578 628 620 153 649 764 383 587 453 432 475 510 737 531 378 125 554 227 863 500 473 325 -1 664 155 467 900 370 694 588 624 489 538 669 556 502 616 797 697 168 426 50 301 500 261 562 151 624 809 338 655 188 688 266 692 326 232 420 489 788 603 1033 760 550 190 570 508 680 635 431 851 127 119 701 524 476 172 388 513 182 215 669 304 416 721 718 134 644 564 740 674 841 600 549 525 329 724 972 509 
327 523 208 347 755 536 812 347 606 210 237 609 307 613 173 461 657 186 452 467 398 395 453 664 -1 686 331 341 407 435 100 417 199 532 385 383 225 272 142 480 593 431 715 579 471 502 474 529 179 319 359 458 679 715 449 581 644 542 414 736 303 497 463 497 658 494 707 604 107 51 370 295 724 582 381 141 358 492 276 154 525 515 296 636 694 701 285 642 134 389 115 172 415 65 328 554 481 439 431 668 
531 475 601 716 296 546 624 356 466 483 476 348 466 625 585 300 38 615 314 795 609 406 264 155 686 -1 422 868 476 616 628 547 542 431 769 660 488 574 806 609 312 352 163 185 622 199 470 170 686 767 329 569 36 554 239 583 186 366 531 339 862 507 997 673 416 291 430 384 724 667 379 822 60 118 636 545 575 229 421 548 161 172 621 167 269 592 796 288 635 494 779 656 782 627 496 413 453 647 929 371 
407 224 183 550 604 268 515 89 295 219 257 278 44 363 334 140 406 374 346 399 515 68 158 467 331 422 -1 445 431 246 327 182 307 217 604 538 107 152 414 266 485 101 513 270 574 224 178 316 428 345 144 225 403 415 201 319 328 473 475 406 602 216 574 320 334 376 383 278 413 339 46 399 475 354 238 223 465 319 218 265 287 260 202 325 365 416 559 513 233 121 444 241 374 295 83 233 476 271 508 339 
657 502 272 685 1022 467 722 519 580 490 533 646 401 494 506 576 851 526 728 219 737 472 603 900 341 868 445 -1 729 333 438 373 521 536 718 724 400 294 236 375 877 526 949 708 811 669 467 749 517 109 562 386 848 645 640 487 756 840 745 776 591 460 134 344 657 767 701 624 431 393 490 50 921 794 277 421 696 736 546 463 728 703 252 758 764 609 601 917 270 400 393 231 174 391 376 564 798 311 90 690 
88 644 490 250 396 697 916 357 697 248 201 627 453 793 235 458 438 235 163 785 132 485 404 370 407 476 431 729 -1 668 308 611 209 622 299 186 378 519 548 695 230 473 413 492 157 395 603 315 292 672 308 656 491 819 339 749 554 161 56 711 430 644 859 743 704 185 744 647 372 360 429 679 482 360 642 309 106 251 216 265 347 366 572 535 641 831 358 284 462 552 438 506 744 345 501 627 74 688 816 684 
630 175 228 742 839 134 402 334 248 431 476 329 215 182 521 319 610 558 593 181 735 221 369 694 435 616 246 333 668 -1 484 69 508 215 792 747 294 168 440 47 730 269 735 434 800 434 153 547 591 226 390 55 588 317 432 161 465 719 707 452 738 132 429 75 327 622 369 301 541 470 269 307 675 576 62 399 685 561 452 452 512 479 140 474 452 287 715 755 300 130 544 268 183 437 167 242 719 31 356 364 
226 542 259 264 669 567 835 317 619 146 156 603 316 652 73 440 596 89 368 544 299 395 419 588 100 628 327 438 308 484 -1 452 104 542 309 289 221 315 240 525 503 420 639 545 373 458 492 464 107 404 313 497 626 736 399 616 612 449 313 724 274 522 562 552 661 410 710 605 97 52 358 391 661 518 437 104 258 419 207 80 467 462 353 601 673 729 235 554 198 412 152 243 494 50 349 560 382 493 528 664 
579 130 210 703 770 120 398 269 212 382 426 274 158 199 481 249 541 520 528 248 686 152 299 624 417 547 182 373 611 69 452 -1 464 162 754 702 247 145 444 83 663 199 666 366 749 364 94 478 559 263 324 45 520 304 363 164 401 655 653 403 716 91 481 139 286 556 332 250 519 445 201 341 606 506 98 360 636 493 396 411 442 409 141 408 395 285 687 687 285 62 530 261 242 408 111 190 659 100 408 317 
136 531 301 243 564 569 822 269 601 88 67 565 310 660 43 394 508 77 266 598 231 374 360 489 199 542 307 521 209 508 104 464 -1 523 297 239 217 344 341 543 399 385 539 481 301 387 484 373 146 472 248 509 543 722 325 620 549 344 224 676 326 519 651 581 631 307 678 573 190 156 326 472 569 427 470 112 183 323 125 60 382 383 392 535 619 723 269 449 259 413 252 305 553 135 353 536 282 523 610 626 
613 45 342 765 690 115 300 267 78 434 469 113 227 199 551 174 434 591 502 395 721 149 234 538 532 431 217 536 622 215 542 162 523 -1 820 749 320 280 586 191 615 148 571 245 774 282 69 408 644 426 313 160 399 200 309 154 260 624 672 240 816 84 642 254 129 519 178 87 624 549 198 502 491 420 260 439 672 443 423 482 366 331 296 273 237 209 775 626 412 150 648 401 399 507 205 27 653 245 569 154 
240 829 569 56 681 864 1120 562 899 386 354 858 606 953 273 685 732 234 455 850 172 671 644 669 385 769 604 718 299 792 309 754 297 820 -1 115 510 623 487 830 521 681 711 754 205 656 781 602 207 705 532 800 781 1020 594 914 821 451 251 962 188 815 827 861 927 483 973 868 286 337 623 676 779 652 746 394 194 540 407 344 627 639 662 804 900 1020 132 575 506 708 331 550 800 359 646 834 349 802 808 919 
141 762 536 76 566 804 1049 484 827 321 281 775 547 897 231 601 622 201 346 829 57 602 555 556 383 660 538 724 186 747 289 702 239 749 115 -1 455 582 506 782 406 604 597 659 106 560 717 496 211 693 447 748 674 949 499 856 723 336 136 872 277 754 843 820 847 371 891 789 303 331 550 678 668 543 708 349 86 433 326 296 523 538 628 706 806 954 207 460 484 650 362 530 781 339 591 759 234 762 814 835 
336 321 128 457 623 353 615 133 398 136 182 386 96 443 237 237 465 276 335 409 441 175 235 502 225 488 107 400 378 294 221 247 217 320 510 455 -1 141 322 327 483 206 551 359 505 292 272 352 324 316 164 292 474 515 249 404 422 455 414 512 496 305 533 369 441 372 490 385 306 231 145 350 534 399 264 119 391 336 165 166 335 316 196 416 468 511 455 520 147 197 338 172 372 188 136 339 435 312 475 446 
472 261 65 574 748 265 542 232 346 273 320 378 108 341 354 282 558 390 471 268 574 181 309 616 272 574 152 294 519 168 315 145 344 280 623 582 141 -1 306 210 617 234 663 414 641 376 214 464 422 194 281 186 554 447 351 309 466 594 553 511 573 230 422 238 410 506 458 363 376 303 195 250 627 505 126 233 525 460 306 286 438 411 55 467 486 430 547 650 139 130 384 120 233 268 85 306 577 179 357 431 
466 567 245 459 895 562 839 454 652 346 377 679 380 622 313 553 780 321 591 413 529 469 557 797 142 806 414 236 548 440 240 444 341 586 487 506 322 306 -1 487 734 515 848 681 602 613 521 657 295 258 477 477 795 748 566 599 741 684 552 811 356 533 340 486 716 633 764 668 204 188 459 202 848 708 378 273 493 625 411 295 648 633 304 737 778 725 366 782 181 436 157 185 359 207 383 611 622 433 323 735 
662 147 272 780 844 94 355 351 212 463 508 303 241 135 558 318 606 596 610 205 768 229 372 697 480 609 266 375 695 47 525 83 543 191 830 782 327 210 487 -1 743 271 736 424 831 435 138 553 632 270 406 42 579 271 440 115 449 737 736 420 782 107 465 64 293 637 332 272 585 513 282 352 668 578 109 437 717 572 479 489 515 482 186 460 427 240 757 765 345 144 589 314 217 478 194 217 742 64 391 333 
314 649 611 477 168 716 876 396 677 393 357 578 522 809 436 441 276 449 148 882 349 514 381 168 593 312 485 877 230 730 503 663 399 615 521 406 483 617 734 743 -1 479 198 410 338 335 622 211 513 799 341 701 339 790 308 763 454 70 271 621 660 665 1011 802 657 111 686 607 584 555 461 827 295 223 723 466 334 173 332 439 255 289 673 432 547 816 588 54 608 600 649 645 851 527 568 609 173 757 957 623 
467 174 278 625 573 237 445 120 224 297 327 182 136 332 418 51 342 458 357 444 574 54 101 426 431 352 101 526 473 269 420 199 385 148 681 604 206 234 515 271 479 -1 466 181 625 164 143 282 517 421 164 229 327 347 171 286 232 481 523 305 695 186 650 334 246 377 292 187 510 437 62 484 409 307 284 316 525 306 277 352 244 210 275 232 264 358 647 496 333 142 544 338 429 393 150 155 505 299 581 243 
487 613 676 663 133 685 785 430 616 504 482 501 556 770 581 417 143 603 275 907 541 515 367 50 715 163 513 949 413 735 639 666 539 571 711 597 551 663 848 736 198 466 -1 329 536 301 600 199 672 856 387 695 198 712 312 725 346 267 461 503 835 640 1081 800 574 237 591 536 729 685 475 900 118 160 745 575 519 222 438 563 226 256 715 325 432 747 765 155 694 606 790 723 886 650 594 557 367 765 1019 531 
518 289 453 698 455 361 468 232 286 402 414 174 311 442 521 132 189 558 338 615 616 236 126 301 579 185 270 708 492 434 545 366 481 245 754 659 359 414 681 424 410 181 329 -1 650 98 286 200 625 602 233 386 155 387 160 398 67 439 548 219 807 321 831 489 250 338 276 207 641 574 224 664 246 191 459 447 573 255 356 467 157 129 456 57 149 419 750 408 501 317 686 512 606 530 331 229 498 465 761 213 
169 793 602 180 487 842 1070 507 850 369 323 784 590 937 306 613 584 284 316 899 73 632 561 500 471 622 574 811 157 800 373 749 301 774 205 106 505 641 602 831 338 625 536 650 -1 553 750 468 309 771 461 794 640 973 496 894 711 269 103 868 382 790 934 875 860 331 901 803 402 420 578 764 620 509 767 413 118 405 355 361 502 523 691 692 799 983 313 388 559 692 463 604 854 420 637 780 170 818 901 842 
419 320 403 600 411 390 543 159 342 312 319 245 268 480 428 116 182 464 245 607 517 214 67 261 502 199 224 669 395 434 458 364 387 282 656 560 292 376 613 435 335 164 301 98 553 -1 301 126 533 569 145 393 182 455 62 435 164 354 451 315 714 342 798 498 324 250 358 272 555 490 181 623 251 142 446 364 474 168 261 378 83 48 424 149 247 480 655 344 439 305 603 457 589 447 299 274 404 464 732 296 
585 49 277 727 712 95 342 246 132 396 435 179 176 191 508 185 468 549 498 335 693 118 242 562 474 470 178 467 603 153 492 94 484 69 781 717 272 214 521 138 622 143 600 286 750 301 -1 423 597 357 299 101 441 243 314 145 313 623 650 309 765 43 576 203 196 520 244 156 570 494 174 433 530 444 193 392 643 449 395 438 383 349 227 322 301 238 727 639 350 85 589 335 334 454 146 96 641 184 502 224 
363 445 477 548 291 514 665 231 467 321 309 367 358 606 416 238 135 446 152 713 446 325 181 151 529 170 316 749 315 547 464 478 373 408 602 496 352 464 657 553 211 282 199 200 468 126 423 -1 517 657 188 511 178 579 115 560 251 239 371 417 692 465 882 615 445 141 475 396 559 506 281 701 196 54 551 388 410 63 257 385 43 78 517 230 343 605 626 218 497 416 616 524 690 467 398 401 306 576 820 413 
203 646 365 168 682 674 940 406 722 224 213 699 420 759 104 531 652 71 396 643 238 496 503 624 179 686 428 517 292 591 107 559 146 644 207 211 324 422 295 632 513 517 672 625 309 533 597 517 -1 498 392 604 688 840 471 722 693 450 277 815 181 628 633 659 761 435 809 703 92 130 455 474 711 571 543 205 211 463 271 164 528 529 458 680 760 834 131 566 300 518 154 343 593 154 455 661 365 599 608 760 
608 392 188 665 937 361 622 425 471 424 471 536 301 395 465 471 752 492 651 155 698 366 502 809 319 767 345 109 672 226 404 263 472 426 705 693 316 194 258 270 799 421 856 602 771 569 357 657 498 -1 471 277 746 542 544 384 648 768 695 666 604 351 229 247 548 688 592 514 422 368 388 82 821 698 168 362 653 649 473 411 632 606 146 651 655 508 600 836 212 291 399 166 102 354 272 454 737 207 163 581 
307 336 289 476 466 393 608 55 389 169 182 328 181 490 287 154 303 325 203 541 413 182 112 338 359 329 144 562 308 390 313 324 248 313 532 447 164 281 477 406 341 164 387 233 461 145 299 188 392 471 -1 365 320 511 90 445 301 330 359 430 573 341 695 463 401 232 444 342 410 346 126 513 372 235 381 219 365 178 125 234 172 156 336 289 370 523 517 371 310 262 458 336 513 303 227 319 342 416 634 388 
625 119 250 748 802 86 362 310 194 427 471 274 203 155 526 277 566 565 569 234 732 187 330 655 458 569 225 386 656 55 497 45 509 160 800 748 292 186 477 42 701 229 695 386 794 393 101 511 604 277 365 -1 541 271 398 124 414 695 698 396 759 77 485 105 272 595 315 245 562 488 240 358 629 536 109 405 681 530 440 456 473 440 172 423 397 247 731 723 325 104 570 298 239 452 157 187 702 84 411 309 
541 443 584 727 332 515 588 342 432 479 476 313 447 592 586 276 63 618 328 768 623 382 245 188 679 36 403 848 491 588 626 520 543 399 781 674 474 554 795 579 339 327 198 155 640 182 441 178 688 746 320 541 -1 519 230 550 151 389 547 304 866 476 975 644 381 309 394 349 722 663 358 803 94 131 610 538 588 240 420 545 160 164 600 131 233 557 802 318 622 468 775 640 757 621 474 380 473 619 907 335 
813 194 512 965 841 185 99 467 122 634 669 213 419 160 749 363 569 790 691 453 921 348 420 688 715 554 415 645 819 317 736 304 722 200 1020 949 515 447 748 271 790 347 712 387 973 455 243 579 840 542 511 271 519 -1 494 157 368 808 870 243 1008 218 725 305 138 703 132 182 813 737 399 624 612 578 378 635 872 623 623 680 535 501 443 388 294 51 971 793 587 326 830 566 480 697 388 192 846 335 652 183 
358 342 368 538 407 407 586 120 376 253 258 291 244 502 367 134 215 402 197 597 458 211 74 266 449 239 201 640 339 432 399 363 325 309 594 499 249 351 566 440 308 171 312 160 496 62 314 115 471 544 90 398 230 494 -1 456 226 315 394 373 652 357 771 501 370 210 407 314 496 434 165 592 285 154 435 309 414 135 200 319 87 67 403 211 306 514 593 325 397 301 547 420 575 392 282 306 354 461 707 346 
727 114 374 861 844 51 240 392 129 534 576 244 309 46 640 322 587 680 643 300 835 263 382 692 581 583 319 487 749 161 616 164 620 154 914 856 404 309 599 115 763 286 725 398 894 435 145 560 722 384 445 124 550 157 456 -1 406 767 795 339 881 104 570 149 207 664 237 208 684 610 319 467 643 574 223 521 785 591 538 570 518 483 295 421 362 125 851 778 448 206 694 422 323 572 268 169 787 177 497 255 
583 306 509 764 477 375 439 297 283 470 482 164 367 446 589 188 203 626 396 647 680 285 193 326 644 186 328 756 554 465 612 401 549 260 821 723 422 466 741 449 454 232 346 67 711 164 313 251 693 648 301 414 151 368 226 406 -1 489 610 167 875 343 876 513 230 392 245 201 708 640 282 714 245 230 497 513 637 311 424 534 211 188 503 22 93 406 818 445 561 358 752 569 643 596 381 238 555 496 804 185 
248 655 581 406 235 718 898 385 691 351 310 600 506 813 379 450 328 388 126 861 279 510 390 232 542 366 473 840 161 719 449 655 344 624 451 336 455 594 684 737 70 481 267 439 269 354 623 239 450 768 330 695 389 808 315 767 489 -1 200 656 592 666 974 793 679 104 712 626 525 501 455 790 355 264 706 423 265 185 295 390 281 311 649 468 582 830 520 124 570 592 590 610 827 477 554 622 102 744 923 649 
87 692 519 206 433 743 967 405 748 279 232 681 494 838 241 510 492 231 219 815 80 532 458 420 414 531 475 745 56 707 313 653 224 672 251 136 414 553 552 736 271 523 461 548 103 451 650 371 277 695 359 698 547 870 394 795 610 200 -1 766 396 691 873 782 757 239 798 699 365 364 477 696 535 415 677 332 69 308 257 284 403 422 605 591 697 881 324 324 483 595 430 528 772 355 542 678 99 726 834 739 
730 277 567 906 636 329 291 409 212 591 612 133 433 368 713 284 363 752 558 626 832 343 318 489 736 339 406 776 711 452 724 403 676 240 962 872 512 511 811 420 621 305 503 219 868 315 309 417 815 666 430 396 304 243 373 339 167 656 766 -1 996 319 881 477 131 557 111 152 815 742 367 742 392 397 500 620 787 474 556 651 375 348 533 189 73 291 944 611 631 383 850 628 635 698 428 212 717 480 808 87 
348 814 510 201 827 835 1107 587 893 406 394 877 590 914 286 712 826 250 561 758 329 670 684 788 303 862 602 591 430 738 274 716 326 816 188 277 496 573 356 782 660 695 835 807 382 714 765 692 181 604 573 759 866 1008 652 881 875 592 396 996 -1 792 684 800 936 597 985 879 197 271 633 558 883 745 684 379 328 635 452 344 706 709 600 862 942 998 71 714 437 682 204 474 705 311 620 835 495 742 677 938 
624 42 294 762 754 52 315 288 121 433 473 197 209 148 542 227 506 582 541 310 732 159 285 603 497 507 216 460 644 132 522 91 519 84 815 754 305 230 533 107 665 186 640 321 790 342 43 465 628 351 341 77 476 218 357 104 343 666 691 319 792 -1 562 170 197 563 242 168 596 521 215 430 567 484 182 424 682 492 434 472 425 390 232 354 321 206 758 682 369 109 612 349 316 481 172 111 684 161 488 232 
785 604 405 799 1156 560 791 651 677 623 666 755 530 567 633 701 981 650 862 273 861 595 732 1033 463 997 574 134 859 429 562 481 651 642 827 843 533 422 340 465 1011 650 1081 831 934 798 576 882 633 229 695 485 975 725 771 570 876 974 873 881 684 562 -1 421 757 901 798 730 543 514 618 184 1050 925 382 553 821 870 680 594 859 834 375 880 877 684 704 1052 404 517 496 365 248 517 501 670 930 403 73 794 
705 209 294 813 907 147 377 408 265 505 551 364 291 149 592 382 670 629 666 151 809 290 435 760 497 673 320 344 743 75 552 139 581 254 861 820 369 238 486 64 802 334 800 489 875 498 203 615 659 247 463 105 644 305 501 149 513 793 782 477 800 170 421 -1 347 695 383 332 605 535 340 329 733 641 116 471 759 632 527 524 578 545 201 524 488 266 780 826 363 201 602 326 175 504 242 279 794 59 347 390 
708 156 471 871 703 199 219 365 81 543 573 79 351 238 663 247 431 704 566 497 814 266 299 550 658 416 334 657 704 327 661 286 631 129 927 847 441 410 716 293 657 246 574 250 860 324 196 445 761 548 401 272 381 138 370 207 230 679 757 131 936 197 757 347 -1 575 49 58 747 672 305 627 475 442 380 557 766 493 521 596 402 369 423 250 163 177 892 658 541 280 774 530 509 629 334 105 724 354 683 50 
251 551 500 432 261 615 794 287 586 288 256 496 412 710 347 345 253 367 41 771 318 408 285 190 494 291 376 767 185 622 410 556 307 519 483 371 372 506 633 637 111 377 237 338 331 250 520 141 435 688 232 595 309 703 210 664 392 104 239 557 597 563 901 695 575 -1 609 522 496 459 355 717 296 178 613 361 288 82 224 339 181 209 561 371 484 725 527 150 499 493 559 536 739 428 459 517 165 648 846 546 
751 202 520 917 722 238 194 410 121 590 618 117 400 261 711 290 448 751 602 534 857 315 340 570 707 430 383 701 744 369 710 332 678 178 973 891 490 458 764 332 686 292 591 276 901 358 244 475 809 592 444 315 394 132 407 237 245 712 798 111 985 242 798 383 49 609 -1 105 796 721 353 672 486 467 424 606 809 526 566 644 432 400 470 266 164 179 940 684 590 328 823 579 549 678 383 154 761 395 724 62 
649 126 423 812 662 186 272 306 82 484 514 36 297 246 605 189 394 646 511 478 756 210 243 508 604 384 278 624 647 301 605 250 573 87 868 789 385 363 668 272 607 187 536 207 803 272 156 396 703 514 342 245 349 182 314 208 201 626 699 152 879 168 730 332 58 522 105 -1 691 616 248 590 444 397 348 500 708 441 463 539 352 318 382 218 156 212 834 611 491 234 720 483 485 573 284 60 668 330 656 67 
285 619 313 255 751 638 911 412 700 243 250 692 397 717 149 533 692 137 456 572 330 481 515 680 107 724 413 431 372 541 97 519 190 624 286 303 306 376 204 585 584 510 729 641 402 555 570 559 92 422 410 562 722 813 496 684 708 525 365 815 197 596 543 605 747 496 796 691 -1 75 448 390 756 613 488 195 300 512 303 177 563 559 403 698 766 802 178 636 241 487 65 279 520 118 424 644 447 546 521 752 
278 544 241 297 719 563 836 342 624 185 203 618 321 643 125 462 637 135 417 513 346 406 447 635 51 667 339 393 360 470 52 445 156 549 337 331 231 303 188 513 555 437 685 574 420 490 494 506 130 368 346 488 663 737 434 610 640 501 364 742 271 521 514 535 672 459 721 616 75 -1 375 347 702 560 418 126 307 464 249 122 506 499 333 630 695 727 245 604 172 411 112 214 462 44 349 568 435 476 483 678 
415 214 229 568 572 268 498 72 277 237 270 244 88 364 357 94 363 398 329 432 523 56 114 431 370 379 46 490 429 269 358 201 326 198 623 550 145 195 459 282 461 62 475 224 578 181 174 281 455 388 126 240 358 399 165 319 282 455 477 367 633 215 618 340 305 355 353 248 448 375 -1 444 432 315 270 254 473 291 224 291 249 219 243 279 323 405 586 485 278 139 483 287 411 331 119 210 468 297 551 305 
609 470 223 642 972 442 705 471 551 439 483 611 356 477 458 532 804 480 678 222 690 429 558 851 295 822 399 50 679 307 391 341 472 502 676 678 350 250 202 352 827 484 900 664 764 623 433 701 474 82 513 358 803 624 592 467 714 790 696 742 558 430 184 329 627 717 672 590 390 347 444 -1 874 745 248 371 648 686 495 414 680 656 212 716 727 591 563 867 220 361 356 181 171 343 334 530 748 289 137 657 
544 535 652 728 250 607 679 404 526 517 506 407 519 686 612 357 69 640 325 853 614 462 318 127 724 60 475 921 482 675 661 606 569 491 779 668 534 627 848 668 295 409 118 246 620 251 530 196 711 821 372 629 94 612 285 643 245 355 535 392 883 567 1050 733 475 296 486 444 756 702 432 874 -1 142 693 582 585 248 454 581 200 218 676 226 324 651 816 261 682 551 813 704 838 663 551 473 450 706 984 429 
413 460 522 598 270 531 660 274 473 375 363 365 397 619 471 259 81 500 197 746 492 355 207 119 582 118 354 794 360 576 518 506 427 420 652 543 399 505 708 578 223 307 160 191 509 142 444 54 571 698 235 536 131 578 154 574 230 264 415 397 745 484 925 641 442 178 467 397 613 560 315 745 142 -1 585 441 458 111 311 439 66 96 556 208 323 609 679 216 546 446 670 571 726 521 434 409 343 605 861 404 
597 224 177 698 842 194 464 327 303 398 445 373 200 243 479 335 626 514 581 161 700 231 379 701 381 636 238 277 642 62 437 98 470 260 746 708 264 126 378 109 723 284 745 459 767 446 193 551 543 168 381 109 610 378 435 223 497 706 677 500 684 182 382 116 380 613 424 348 488 418 270 248 693 585 -1 359 651 558 427 412 519 488 84 504 494 349 663 752 246 142 487 211 146 388 155 288 697 57 309 414 
247 441 188 343 623 471 734 216 517 73 112 498 215 559 121 338 516 159 320 485 343 292 320 524 141 545 223 421 309 399 104 360 112 439 394 349 119 233 273 437 466 316 575 447 413 364 392 388 205 362 219 405 538 635 309 521 513 423 332 620 379 424 553 471 557 361 606 500 195 126 254 371 582 441 359 -1 295 352 138 53 384 374 279 504 571 630 336 512 152 315 239 196 440 83 252 456 377 413 507 560 
58 687 484 144 499 733 971 405 749 254 210 692 478 827 189 519 537 172 261 781 50 527 471 476 358 575 465 696 106 685 258 636 183 672 194 86 391 525 493 717 334 525 519 573 118 474 643 410 211 653 365 681 588 872 414 785 637 265 69 787 328 682 821 759 766 288 809 708 300 307 473 648 585 458 651 295 -1 347 249 243 437 451 574 620 721 879 256 389 441 581 364 487 736 304 524 680 167 702 785 752 
301 477 464 486 287 542 712 230 507 281 262 414 359 637 366 269 192 393 88 719 383 342 209 172 492 229 319 736 251 561 419 493 323 443 540 433 336 460 625 572 173 306 222 255 405 168 449 63 463 649 178 530 240 623 135 591 311 185 308 474 635 492 870 632 493 82 526 441 512 464 291 686 248 111 558 352 347 -1 216 342 99 127 515 290 402 646 569 194 475 430 571 506 691 428 403 439 244 588 811 464 
190 438 286 351 485 486 722 157 501 65 58 451 237 581 167 277 389 202 184 574 299 278 238 388 276 421 218 546 216 452 207 396 125 423 407 326 165 306 411 479 332 277 438 356 355 261 395 257 271 473 125 440 420 623 200 538 424 295 257 556 452 434 680 527 521 224 566 463 303 249 224 495 454 311 427 138 249 216 -1 127 260 258 361 410 496 629 394 375 276 337 358 314 537 212 285 432 270 472 628 511 
197 487 241 291 600 520 779 242 561 66 82 534 262 609 70 367 517 110 297 537 291 333 342 513 154 548 265 463 265 452 80 411 60 482 344 296 166 286 295 489 439 352 563 467 361 378 438 385 164 411 234 456 545 680 319 570 534 390 284 651 344 472 594 524 596 339 644 539 177 122 291 414 581 439 412 53 243 342 127 -1 387 382 332 523 598 677 295 487 199 364 231 245 492 89 302 498 336 466 551 595 
386 404 456 571 329 473 621 208 424 321 316 323 331 564 425 198 132 457 186 681 476 290 143 182 525 161 287 728 347 512 467 442 382 366 627 523 335 438 648 515 255 244 226 157 502 83 383 43 528 632 172 473 160 535 87 518 211 281 403 375 706 425 859 578 402 181 432 352 563 506 249 680 200 66 519 384 437 99 260 387 -1 35 490 191 303 561 642 261 482 382 617 507 660 465 368 358 343 541 795 369 
399 369 433 583 363 438 588 185 389 316 315 289 304 529 425 164 149 459 209 650 493 258 110 215 515 172 260 703 366 479 462 409 383 331 639 538 316 411 633 482 289 210 256 129 523 48 349 78 529 606 156 440 164 501 67 483 188 311 422 348 709 390 834 545 369 209 400 318 559 499 219 656 218 96 488 374 451 127 258 382 35 -1 462 169 277 527 647 296 463 350 611 485 630 457 339 323 368 509 769 337 
522 269 93 615 802 257 534 286 353 325 372 401 158 321 398 325 607 432 527 213 622 220 357 669 296 621 202 252 572 140 353 141 392 296 662 628 196 55 304 186 673 275 715 456 691 424 227 517 458 146 336 172 600 443 403 295 503 649 605 533 600 232 375 201 423 561 470 382 403 333 243 212 676 556 84 279 574 515 361 332 490 462 -1 506 515 420 579 706 162 150 404 128 178 304 125 323 631 142 307 450 
566 318 508 748 455 388 460 289 300 458 468 181 365 462 576 185 182 612 376 656 662 286 183 304 636 167 325 758 535 474 601 408 535 273 804 706 416 467 737 460 432 232 325 57 692 149 322 230 680 651 289 423 131 388 211 421 22 468 591 189 862 354 880 524 250 371 266 218 698 630 279 716 226 208 504 504 620 290 410 523 191 169 506 -1 115 425 804 423 557 363 743 567 650 587 382 252 534 505 809 206 
665 280 537 843 564 342 355 355 233 536 553 123 398 397 657 233 291 695 486 632 764 309 258 416 694 269 365 764 641 452 673 395 619 237 900 806 468 486 778 427 547 264 432 149 799 247 301 343 760 655 370 397 233 294 306 362 93 582 697 73 942 321 877 488 163 484 164 156 766 695 323 727 324 323 494 571 721 402 496 598 303 277 515 115 -1 338 888 537 597 365 805 598 635 651 401 210 645 482 804 113 
820 191 495 966 874 164 114 475 138 635 673 246 414 117 747 380 605 787 710 411 928 352 440 721 701 592 416 609 831 287 729 285 723 209 1020 954 511 430 725 240 816 358 747 419 983 480 238 605 834 508 523 247 557 51 514 125 406 830 881 291 998 206 684 266 177 725 179 212 802 727 405 591 651 609 349 630 879 646 629 677 561 527 420 425 338 -1 964 822 570 316 815 545 440 688 379 208 862 301 612 225 
277 777 486 133 755 802 1070 535 853 353 336 829 551 886 231 661 760 192 493 751 258 627 630 718 285 796 559 601 358 715 235 687 269 775 132 207 455 547 366 757 588 647 765 750 313 655 727 626 131 600 517 731 802 971 593 851 818 520 324 944 71 758 704 780 892 527 940 834 178 245 586 563 816 679 663 336 256 569 394 295 642 647 579 804 888 964 -1 643 417 648 208 457 699 278 585 792 423 721 690 891 
368 663 649 530 115 731 876 424 685 438 404 580 552 823 488 455 254 501 191 912 403 535 396 134 642 288 513 917 284 755 554 687 449 626 575 460 520 650 782 765 54 496 155 408 388 344 639 218 566 836 371 723 318 793 325 778 445 124 324 611 714 682 1052 826 658 150 684 611 636 604 485 867 261 216 752 512 389 194 375 487 261 296 706 423 537 822 643 -1 650 624 700 686 883 576 597 619 226 782 996 621 
396 398 74 462 757 405 682 280 482 219 263 500 198 478 254 373 612 283 459 345 487 288 380 644 134 635 233 270 462 300 198 285 259 412 506 484 147 139 181 345 608 333 694 501 559 439 350 497 300 212 310 325 622 587 397 448 561 570 483 631 437 369 404 363 541 499 590 491 241 172 278 220 682 546 246 152 441 475 276 199 482 463 162 557 597 570 417 650 -1 264 245 45 297 147 207 436 530 304 355 557 
524 134 192 655 708 156 424 206 218 328 371 251 103 246 434 193 485 474 465 301 631 91 239 564 389 494 121 400 552 130 412 62 413 150 708 650 197 130 436 144 600 142 606 317 692 305 85 416 518 291 262 104 468 326 301 206 358 592 595 383 682 109 517 201 280 493 328 234 487 411 139 361 551 446 142 315 581 430 337 364 382 350 150 363 365 316 648 624 264 -1 504 250 288 372 63 176 598 159 445 302 
350 639 319 307 816 650 926 454 721 296 309 723 422 723 212 572 748 203 518 553 392 510 559 740 115 779 444 393 438 544 152 530 252 648 331 362 338 384 157 589 649 544 790 686 463 603 589 616 154 399 458 570 775 830 547 694 752 590 430 850 204 612 496 602 774 559 823 720 65 112 483 356 813 670 487 239 364 571 358 231 617 611 404 743 805 815 208 700 245 504 -1 275 500 156 443 669 513 544 481 783 
442 382 60 507 792 381 659 300 467 261 306 495 202 449 300 381 635 329 496 300 533 289 395 674 172 656 241 231 506 268 243 261 305 401 550 530 172 120 185 314 645 338 723 512 604 457 335 524 343 166 336 298 640 566 420 422 569 610 528 628 474 349 365 326 530 536 579 483 279 214 287 181 704 571 211 196 487 506 314 245 507 485 128 567 598 545 457 686 45 250 275 -1 251 192 199 426 573 268 313 550 
688 358 253 758 978 311 551 461 429 495 543 512 332 324 551 481 771 581 705 53 783 376 522 841 415 782 374 174 744 183 494 242 553 399 800 781 372 233 359 217 851 429 886 606 854 589 334 690 593 102 513 239 757 480 575 323 643 827 772 635 705 316 248 175 509 739 549 485 520 462 411 171 838 726 146 440 736 691 537 492 660 630 178 650 635 440 699 883 297 288 500 251 -1 444 292 426 806 155 174 548 
267 503 210 315 689 525 796 298 583 146 171 574 279 607 115 418 597 138 386 493 347 363 403 600 65 627 295 391 345 437 50 408 135 507 359 339 188 268 207 478 527 393 650 530 420 447 454 467 154 354 303 452 621 697 392 572 596 477 355 698 311 481 517 504 629 428 678 573 118 44 331 343 663 521 388 83 304 428 212 89 465 457 304 587 651 688 278 576 147 372 156 192 444 -1 309 526 418 445 480 635 
468 195 139 593 688 218 487 172 278 270 314 295 48 307 372 199 482 411 428 315 574 95 232 549 328 496 83 376 501 167 349 111 353 205 646 591 136 85 383 194 568 150 594 331 637 299 146 398 455 272 227 157 474 388 282 268 381 554 542 428 620 172 501 242 334 459 383 284 424 349 119 334 551 434 155 252 524 403 285 302 368 339 125 382 401 379 585 597 207 63 443 199 292 309 -1 229 551 190 433 351 
622 69 366 778 679 137 290 275 70 447 480 86 247 212 566 172 418 606 502 421 730 164 232 525 554 413 233 564 627 242 560 190 536 27 834 759 339 306 611 217 609 155 557 229 780 274 96 401 661 454 319 187 380 192 306 169 238 622 678 212 835 111 670 279 105 517 154 60 644 568 210 530 473 409 288 456 680 439 432 498 358 323 323 252 210 208 792 619 436 176 669 426 426 526 229 -1 655 272 597 127 
162 679 553 306 333 736 940 395 725 312 266 646 503 832 309 483 414 310 159 845 177 524 426 329 481 453 476 798 74 719 382 659 282 653 349 234 435 577 622 742 173 505 367 498 170 404 641 306 365 737 342 702 473 846 354 787 555 102 99 717 495 684 930 794 724 165 761 668 447 435 468 748 450 343 697 377 167 244 270 336 343 368 631 534 645 862 423 226 530 598 513 573 806 418 551 655 -1 741 885 700 
648 203 234 753 868 157 416 360 274 448 494 358 239 191 533 349 641 570 618 151 752 250 398 724 439 647 271 311 688 31 493 100 523 245 802 762 312 179 433 64 757 299 765 465 818 464 184 576 599 207 416 84 619 335 461 177 496 744 726 480 742 161 403 59 354 648 395 330 546 476 297 289 706 605 57 413 702 588 472 466 541 509 142 505 482 301 721 782 304 159 544 268 155 445 190 272 741 -1 329 392 
746 530 347 775 1098 486 720 588 603 574 619 682 464 495 596 632 915 616 808 201 827 526 665 972 431 929 508 90 816 356 528 408 610 569 808 814 475 357 323 391 957 581 1019 761 901 732 502 820 608 163 634 411 907 652 707 497 804 923 834 808 677 488 73 347 683 846 724 656 521 483 551 137 984 861 309 507 785 811 628 551 795 769 307 809 804 612 690 996 355 445 481 313 174 480 433 597 885 329 -1 720 
694 190 490 862 661 242 255 357 126 539 565 61 361 287 660 234 388 700 541 538 799 273 280 509 668 371 339 690 684 364 664 317 626 154 919 835 446 431 735 333 623 243 531 213 842 296 224 413 760 581 388 309 335 183 346 255 185 649 739 87 938 232 794 390 50 546 62 67 752 678 305 657 429 404 414 560 752 464 511 595 369 337 450 206 113 225 891 621 557 302 783 550 548 635 351 127 700 392 720 -1 
