100
-1 579 268 395 339 335 190 509 381 56 307 198 190 135 605 817 498 210 153 320 176 659 111 424 209 361 772 256 506 313 687 503 464 659 199 213 704 168 402 361 185 543 549 436 187 231 256 849 564 477 595 485 218 662 138 403 397 556 226 932 104 667 351 634 361 434 399 112 659 455 293 789 517 231 123 665 592 357 422 218 378 101 94 294 593 436 647 261 121 414 856 920 59 90 498 748 720 230 141 231 
579 -1 585 686 243 260 537 385 328 609 497 665 581 554 593 328 191 701 693 568 461 544 550 216 769 725 383 328 266 659 451 452 210 481 379 579 141 431 657 225 583 715 65 143 476 636 365 385 364 372 341 95 529 520 444 396 182 607 370 428 673 107 525 407 247 388 582 512 207 724 562 471 154 695 580 823 51 453 174 794 308 658 491 315 177 492 71 392 646 340 303 435 532 489 89 309 216 535 497 613 
268 585 -1 657 364 428 86 680 272 322 101 136 78 392 824 890 429 170 406 568 386 855 366 522 289 629 886 295 632 578 848 698 566 836 290 472 726 345 660 431 447 797 585 463 139 497 231 936 719 647 444 509 462 851 299 238 418 786 369 1000 260 691 585 792 461 614 643 347 575 718 542 932 594 498 145 922 619 167 488 346 523 235 230 277 517 651 656 440 193 282 888 999 226 271 496 839 779 59 159 54 
395 686 657 -1 533 449 573 373 672 348 673 589 583 266 312 766 716 592 309 121 300 409 291 470 534 78 660 496 462 83 506 314 483 453 443 185 755 352 38 488 210 163 627 572 545 167 548 769 435 360 868 603 207 430 386 725 562 245 379 869 456 724 161 476 448 321 118 314 853 60 136 622 548 203 518 273 667 705 517 496 378 471 434 555 792 229 731 316 506 710 862 840 431 393 644 680 711 611 507 625 
339 243 364 533 -1 102 303 368 173 374 294 427 346 338 558 527 185 461 465 412 253 553 328 172 526 551 526 85 287 484 513 411 212 515 140 385 377 211 514 79 379 612 226 104 240 439 133 572 388 338 337 153 340 540 210 247 60 544 160 638 430 340 390 457 125 324 456 289 335 584 397 582 231 488 338 736 265 273 125 551 215 415 249 87 270 404 313 217 403 208 536 635 290 251 159 476 417 308 256 382 
335 260 428 449 102 -1 355 270 274 356 375 465 395 293 456 486 271 496 435 327 200 454 291 95 538 476 461 133 204 409 424 309 139 420 151 321 373 174 426 39 322 515 218 126 292 378 205 524 296 239 434 167 271 443 196 347 113 442 112 601 436 336 297 368 32 222 362 254 404 496 316 503 183 435 370 637 263 365 89 553 113 426 260 172 343 303 322 136 424 309 521 592 299 245 199 423 385 370 293 436 
190 537 86 573 303 355 -1 599 252 246 123 131 44 307 738 829 401 168 337 482 299 771 282 451 266 548 816 226 557 495 769 613 494 754 210 388 677 259 575 362 363 711 529 406 63 416 172 872 640 565 451 454 376 768 213 244 361 699 286 942 208 640 498 713 387 531 556 262 557 634 456 857 528 422 79 836 566 183 422 314 443 183 144 222 494 565 609 355 147 273 837 937 143 185 448 774 720 39 73 80 
509 385 680 373 368 270 599 -1 541 501 640 686 632 401 209 393 500 709 539 287 333 185 415 207 715 437 294 397 119 387 177 70 184 155 390 368 409 351 336 289 389 346 319 333 541 413 470 398 64 33 673 335 325 173 395 616 353 224 312 497 611 385 228 126 242 75 255 398 587 389 299 284 230 481 590 443 349 634 269 708 160 611 472 442 541 143 406 251 624 575 494 470 500 439 385 307 345 621 528 677 
381 328 272 672 173 274 252 541 -1 432 175 381 294 437 729 651 157 419 531 555 373 726 419 341 516 675 675 176 455 610 681 583 378 686 229 502 469 322 659 251 488 769 344 237 208 550 130 703 559 511 214 271 466 713 296 76 198 712 295 755 443 435 543 626 298 496 610 381 305 727 536 741 381 583 320 895 369 125 286 559 387 421 289 117 245 571 396 368 393 38 629 759 322 314 243 614 537 234 249 312 
56 609 322 348 374 356 246 501 432 -1 364 240 244 105 578 830 542 246 99 285 173 639 86 439 215 309 775 295 512 265 678 488 477 646 234 174 729 182 359 386 145 501 574 466 242 181 304 858 559 470 646 514 190 646 165 457 430 525 244 944 116 692 323 627 380 425 365 107 702 407 259 784 534 176 177 620 618 413 445 208 383 126 142 338 635 414 675 262 158 465 877 929 113 125 531 756 736 286 197 283 
307 497 101 673 294 375 123 640 175 364 -1 229 149 411 802 812 332 266 458 572 382 821 387 463 378 656 820 242 577 599 799 666 505 794 257 489 639 334 670 369 467 800 504 386 128 524 170 861 671 607 344 429 469 813 291 137 342 771 340 920 330 605 578 743 406 580 641 359 474 733 548 875 524 537 202 927 535 66 420 431 480 306 241 207 417 632 567 416 267 181 800 921 254 280 409 767 700 86 170 149 
198 665 136 589 427 465 131 686 381 240 229 -1 87 334 800 948 532 37 304 519 361 847 309 561 153 547 925 345 661 506 862 690 605 840 314 411 804 334 599 478 383 741 653 531 189 422 300 989 734 653 572 580 416 848 290 363 486 753 378 1062 145 767 548 807 497 614 597 305 687 648 492 956 645 407 97 861 692 295 540 212 539 123 214 350 625 629 737 435 83 399 963 1055 187 247 577 888 842 148 173 81 
190 581 78 583 346 395 44 632 294 244 149 87 -1 318 763 872 445 125 328 498 322 801 292 490 230 552 856 268 596 502 804 643 534 787 246 398 721 286 587 404 372 725 572 450 106 421 216 914 676 598 487 498 392 799 240 279 405 722 319 984 185 684 518 749 427 562 574 277 599 643 472 894 570 420 67 850 610 214 464 282 479 160 166 266 537 591 653 384 119 312 881 980 154 205 492 815 763 64 104 46 
135 554 392 266 338 293 307 401 437 105 411 334 318 -1 474 745 519 345 146 185 92 534 25 364 320 246 681 273 422 188 576 383 398 542 211 80 663 127 269 329 56 408 511 415 282 115 306 769 460 370 647 459 85 541 140 478 387 422 184 859 221 626 218 527 311 325 264 55 674 326 158 684 459 150 254 532 555 448 382 307 295 228 170 327 608 309 616 176 255 474 803 841 165 131 485 668 658 345 242 361 
605 593 824 312 558 456 738 209 729 578 802 800 763 474 -1 538 705 816 580 298 441 107 496 410 791 390 406 568 327 369 233 148 393 173 544 410 603 479 276 483 438 198 527 538 688 432 639 521 236 228 877 544 389 135 525 800 553 67 461 621 695 584 255 230 434 234 223 495 796 295 323 338 439 491 710 254 555 808 473 768 343 702 597 621 750 173 609 386 726 765 660 585 615 559 593 454 522 767 665 809 
817 328 890 766 527 486 829 393 651 830 812 948 872 745 538 -1 520 981 892 674 658 443 752 394 1024 830 141 603 324 776 310 456 353 368 636 737 206 650 729 469 752 722 308 427 765 788 660 62 332 408 657 383 688 411 681 722 472 586 590 114 920 227 617 309 457 452 648 722 488 781 683 245 303 856 855 793 282 775 408 1034 449 912 747 612 488 537 273 570 911 667 136 109 785 730 408 86 113 835 775 909 
498 191 429 716 185 271 401 500 157 542 332 532 445 519 705 520 -1 570 638 595 438 679 507 294 659 736 567 248 392 669 608 556 317 626 311 570 325 393 696 234 563 785 228 167 349 624 246 577 500 476 173 172 525 660 385 213 158 702 345 617 576 295 568 557 280 475 633 468 160 765 581 648 293 670 462 905 240 278 231 696 370 556 404 204 94 568 251 400 533 157 481 626 442 417 126 497 408 388 383 467 
210 701 170 592 461 496 168 709 419 246 266 37 125 345 816 981 570 -1 298 530 380 867 321 591 122 546 954 379 689 509 886 710 635 862 345 419 839 358 605 511 390 747 688 566 225 425 336 1020 759 676 609 615 428 869 315 401 521 766 405 1094 139 802 561 831 527 636 609 321 725 651 503 983 677 404 126 866 727 332 573 184 566 121 240 386 663 646 773 458 89 437 998 1087 209 270 613 919 875 186 206 117 
153 693 406 309 465 435 337 539 531 99 458 304 328 146 580 892 638 298 -1 282 237 655 144 510 225 252 824 390 568 227 711 512 544 672 328 174 807 261 329 468 150 471 653 551 340 150 402 915 600 510 745 598 213 665 255 556 519 520 323 1005 159 770 332 664 455 464 357 180 797 364 258 822 605 108 262 580 698 510 524 189 442 180 241 435 730 430 757 322 222 564 949 987 211 221 620 815 805 377 294 361 
320 568 568 121 412 327 482 287 555 285 572 519 498 185 298 674 595 530 282 -1 190 374 209 352 494 160 581 379 357 101 445 243 369 399 330 112 644 241 103 366 141 228 510 451 446 136 436 684 351 266 748 483 106 387 280 612 440 240 260 781 401 612 58 405 327 222 79 221 731 172 27 560 435 201 437 354 552 597 397 469 261 411 338 438 670 155 615 195 440 594 760 757 344 297 523 590 609 517 411 543 
176 461 386 300 253 200 299 333 373 173 382 361 322 92 441 658 438 380 237 190 -1 486 94 272 383 303 601 199 338 237 510 329 307 483 143 132 570 51 291 237 125 417 418 324 257 185 248 685 388 300 576 367 93 488 90 424 298 399 94 772 278 533 198 458 218 258 259 66 588 357 168 613 367 236 268 544 462 407 289 381 209 278 156 257 523 269 523 88 293 411 712 756 174 117 395 583 567 332 227 368 
659 544 855 409 553 454 771 185 726 639 821 847 801 534 107 443 679 867 655 374 486 -1 554 390 855 486 307 580 287 457 132 158 362 75 567 480 532 515 372 474 507 305 480 514 716 511 652 421 181 215 852 510 451 31 561 801 537 171 486 519 755 518 323 146 428 241 308 546 751 398 397 232 394 575 753 353 500 818 451 838 343 759 637 626 712 226 549 416 779 760 570 483 660 601 559 362 441 797 699 847 
111 550 366 291 328 291 282 415 419 86 387 309 292 25 496 752 507 321 144 209 94 554 -1 366 301 269 692 259 431 213 592 401 402 559 197 105 663 119 294 325 80 434 509 409 259 137 288 778 473 384 630 455 107 560 124 458 379 445 179 866 200 626 241 542 311 339 288 39 663 351 182 699 462 164 229 557 554 426 380 292 302 206 146 312 597 329 613 182 231 455 806 849 139 109 479 676 662 320 218 336 
424 216 522 470 172 95 451 207 341 439 463 561 490 364 410 394 294 591 510 352 272 390 366 -1 630 510 365 226 115 446 341 262 43 345 246 375 301 257 441 94 382 505 158 127 387 431 294 429 217 182 467 139 324 374 287 417 147 411 197 508 527 266 309 285 64 184 367 333 397 509 348 411 95 494 465 620 200 446 62 641 91 518 354 256 344 283 264 190 518 373 439 497 392 336 187 328 297 464 389 531 
209 769 289 534 526 538 266 715 516 215 378 153 230 320 791 1024 659 122 225 494 383 855 301 630 -1 476 981 440 716 451 892 703 671 861 393 381 901 377 553 561 352 695 746 628 310 371 414 1057 771 683 717 678 404 861 343 509 586 735 434 1139 104 863 536 841 567 639 572 316 817 589 468 997 722 332 196 805 788 444 623 63 587 112 280 461 753 629 839 469 125 539 1056 1127 240 294 683 956 924 294 276 234 
361 725 629 78 551 476 548 437 675 309 656 547 552 246 390 830 736 546 252 160 303 486 269 510 476 -1 729 502 517 66 579 383 529 527 445 173 804 353 114 515 190 233 669 602 528 132 547 836 501 421 879 637 211 506 380 722 586 323 391 934 407 772 213 546 480 379 186 299 879 117 162 695 595 144 485 331 711 694 552 433 420 425 415 560 816 296 774 339 464 713 919 907 405 377 675 744 768 587 486 592 
772 383 886 660 526 461 816 294 675 775 820 925 856 681 406 141 567 954 824 581 601 307 692 365 981 729 -1 591 265 681 174 346 321 234 611 659 298 604 622 455 678 597 339 438 753 706 656 115 230 317 724 406 613 275 642 751 480 460 550 214 876 303 523 186 429 364 543 668 573 668 594 106 296 774 828 659 331 793 400 983 393 871 714 613 558 433 349 513 876 698 277 181 749 690 443 82 188 829 754 897 
256 328 295 496 85 133 226 397 176 295 242 345 268 273 568 603 248 379 390 379 199 580 259 226 440 502 591 -1 337 437 558 428 270 551 62 331 461 150 482 136 320 594 309 188 162 382 72 646 429 365 376 237 292 571 136 237 145 544 119 716 346 424 368 501 165 340 434 220 407 551 360 637 302 423 254 721 349 240 195 467 237 330 165 59 340 403 398 193 318 215 620 711 205 170 243 547 496 237 172 307 
506 266 632 462 287 204 557 119 455 512 577 661 596 422 327 324 392 689 568 357 338 287 431 115 716 517 265 337 -1 458 226 188 77 235 349 412 297 339 427 209 427 459 200 229 495 464 407 347 107 110 565 222 363 267 376 532 258 343 285 437 611 270 303 171 171 141 347 404 468 488 362 299 111 532 564 561 229 561 170 719 129 605 449 370 425 242 288 249 611 486 402 419 483 424 272 246 251 574 492 638 
313 659 578 83 484 409 495 387 610 265 599 506 502 188 369 776 669 509 227 101 237 457 213 446 451 66 681 437 458 -1 539 339 466 491 380 110 742 288 102 448 132 243 604 536 470 83 483 785 451 368 813 571 145 474 318 659 519 304 325 883 372 709 158 502 414 324 149 240 813 142 98 655 532 125 437 356 647 634 486 416 357 387 358 495 750 250 710 272 423 648 861 858 352 319 608 692 710 533 430 544 
687 451 848 506 513 424 769 177 681 678 799 862 804 576 233 310 608 886 711 445 510 132 592 341 892 579 174 558 226 539 -1 201 303 60 559 538 415 527 468 434 561 427 391 452 709 578 629 289 129 210 778 436 499 101 571 758 483 289 485 388 789 406 387 56 393 253 393 576 657 506 462 115 315 645 765 485 402 786 395 884 326 788 647 595 626 289 443 428 801 711 440 352 676 616 483 231 317 789 700 849 
503 452 698 314 411 309 613 70 583 488 666 690 643 383 148 456 556 710 512 243 329 158 401 262 703 383 346 428 188 339 201 -1 246 159 411 338 480 357 276 335 362 275 386 389 559 376 500 455 123 81 728 397 302 159 403 656 404 155 329 555 602 456 186 163 286 87 197 391 651 325 260 316 297 444 595 373 417 668 324 690 196 604 479 477 603 88 476 258 622 619 561 526 502 443 446 369 414 640 541 689 
464 210 566 483 212 139 494 184 378 477 505 605 534 398 393 353 317 635 544 369 307 362 402 43 671 529 321 270 77 466 303 246 -1 312 290 402 276 297 452 136 412 504 146 152 431 458 337 386 184 165 490 150 351 344 328 455 180 400 237 467 568 243 321 248 108 178 375 370 404 517 368 369 66 522 509 614 185 486 92 681 109 560 397 297 356 281 248 222 561 408 406 455 434 377 200 285 260 508 433 575 
659 481 836 453 515 420 754 155 686 646 794 840 787 542 173 368 626 862 672 399 483 75 559 345 861 527 234 551 235 491 60 159 312 -1 546 498 460 505 414 435 522 367 418 464 697 534 624 349 127 189 798 455 461 44 550 762 492 230 468 448 759 447 343 74 391 226 343 547 688 450 418 170 336 601 744 425 435 785 404 850 314 760 626 593 652 244 480 405 776 718 495 412 653 593 504 287 367 777 684 832 
199 379 290 443 140 151 210 390 229 234 257 314 246 211 544 636 311 345 328 330 143 567 197 246 393 445 611 62 349 380 559 411 290 546 -1 272 508 92 433 168 260 552 353 236 150 322 105 675 430 357 436 286 237 562 73 282 198 514 83 750 294 470 326 503 182 326 391 158 469 500 309 647 332 361 219 679 395 270 230 414 233 281 113 116 402 374 448 158 275 268 663 742 153 110 298 574 533 231 143 290 
213 579 472 185 385 321 388 368 502 174 489 411 398 80 410 737 570 419 174 112 132 480 105 375 381 173 659 331 412 110 538 338 402 498 272 -1 676 181 189 359 29 329 530 447 360 57 374 754 431 341 708 488 51 491 207 549 426 353 224 848 289 641 157 492 332 295 191 129 718 246 86 650 467 120 334 451 574 523 405 358 293 300 248 388 654 255 636 187 330 540 807 827 245 208 520 656 658 425 321 442 
704 141 726 755 377 373 677 409 469 729 639 804 721 663 603 206 325 839 807 644 570 532 663 301 901 804 298 461 297 742 415 480 276 460 508 676 -1 548 723 343 684 755 155 273 615 732 504 267 367 407 452 224 625 503 567 535 317 632 485 293 802 37 594 386 352 437 643 627 283 785 644 401 210 796 716 850 113 594 283 922 385 789 621 455 283 540 73 491 780 479 161 306 662 614 230 216 109 676 633 753 
168 431 345 352 211 174 259 351 322 182 334 334 286 127 479 650 393 358 261 241 51 515 119 257 377 353 604 150 339 288 527 357 297 505 92 181 548 -1 342 206 171 466 393 290 212 232 196 681 401 318 526 336 144 514 46 373 260 441 62 765 272 510 244 473 198 279 307 81 546 409 219 625 352 277 239 593 437 356 264 384 211 267 121 207 480 306 496 100 275 360 695 752 148 88 359 579 554 289 186 332 
402 657 660 38 514 426 575 336 659 359 670 599 587 269 276 729 696 605 329 103 291 372 294 441 553 114 622 482 427 102 468 276 452 414 433 189 723 342 -1 465 216 143 597 548 543 182 538 732 398 324 851 576 201 392 380 715 540 209 363 831 470 692 132 438 423 287 81 313 828 69 123 584 517 227 523 262 637 698 491 518 349 483 433 542 769 192 700 297 517 697 826 802 434 392 619 643 676 611 506 631 
361 225 431 488 79 39 362 289 251 386 369 478 404 329 483 469 234 511 468 366 237 474 325 94 561 515 455 136 209 448 434 335 136 435 168 359 343 206 465 -1 360 551 188 87 299 416 201 510 309 260 400 130 310 461 223 327 75 473 145 583 460 306 335 378 49 249 399 287 365 534 355 505 166 472 385 672 231 352 62 579 140 448 281 161 304 336 289 176 443 285 496 576 320 270 160 411 364 373 305 443 
185 583 447 210 379 322 363 389 488 145 467 383 372 56 438 752 563 390 150 141 125 507 80 382 352 190 678 320 427 132 561 362 412 522 260 29 684 171 216 360 -1 358 535 448 338 61 359 771 451 361 696 490 64 517 191 532 423 382 220 864 260 648 185 515 336 315 220 109 714 271 115 672 476 112 307 479 579 504 408 330 305 271 226 376 649 281 641 193 302 526 818 844 220 187 520 672 670 401 298 415 
543 715 797 163 612 515 711 346 769 501 800 741 725 408 198 722 785 747 471 228 417 305 434 505 695 233 597 594 459 243 427 275 504 367 552 329 755 466 143 551 358 -1 650 625 674 325 657 711 396 348 949 645 334 333 508 831 626 137 475 811 613 729 226 413 504 326 160 449 903 118 254 536 563 366 663 127 685 822 563 659 418 626 567 653 848 222 746 401 659 808 835 778 571 526 692 636 689 746 640 770 
549 65 585 627 226 218 529 319 344 574 504 653 572 511 527 308 228 688 653 510 418 480 509 158 746 669 339 309 200 604 391 386 146 418 353 530 155 393 597 188 535 650 -1 122 466 587 357 359 299 306 391 75 479 456 411 417 167 542 331 416 647 118 465 345 199 324 521 473 271 663 507 420 89 647 563 758 44 467 129 766 249 634 466 308 235 428 106 343 626 363 311 417 507 458 104 272 195 531 481 607 
436 143 463 572 104 126 406 333 237 466 386 531 450 415 538 427 167 566 551 451 324 514 409 127 628 602 438 188 229 536 452 389 152 464 236 447 273 290 548 87 448 625 122 -1 343 504 235 475 336 309 339 49 398 496 301 313 45 537 230 537 531 236 416 398 124 309 479 371 280 617 442 505 144 559 442 743 161 355 64 651 207 517 349 186 222 405 211 263 506 263 432 536 390 345 72 381 315 409 360 485 
187 476 139 545 240 292 63 541 208 242 128 189 106 282 688 765 349 225 340 446 257 716 259 387 310 528 753 162 495 470 709 559 431 697 150 360 615 212 543 299 338 674 466 343 -1 396 110 809 580 507 417 392 341 712 167 217 298 653 230 878 235 578 455 653 325 475 516 231 507 605 421 795 465 412 113 800 503 170 358 350 384 213 112 160 443 516 547 302 185 235 775 874 129 151 387 710 657 80 45 144 
231 636 497 167 439 378 416 413 550 181 524 422 421 115 432 788 624 425 150 136 185 511 137 431 371 132 706 382 464 83 578 376 458 534 322 57 732 232 182 416 61 325 587 504 396 -1 420 804 477 388 758 544 107 524 253 593 482 370 279 899 289 698 191 535 389 342 208 169 774 226 116 692 523 68 355 440 630 563 462 339 349 304 283 438 709 290 693 244 339 587 862 877 273 246 576 707 712 455 354 462 
256 365 231 548 133 205 172 470 130 304 170 300 216 306 639 660 246 336 402 436 248 652 288 294 414 547 656 72 407 483 629 500 337 624 105 374 504 196 538 201 359 657 357 235 110 420 -1 705 501 438 344 282 341 644 167 176 189 613 182 771 329 468 431 573 236 413 496 251 407 605 414 706 363 452 219 784 393 169 256 449 310 310 162 49 341 472 437 259 289 167 665 769 198 183 276 608 550 175 137 250 
849 385 936 769 572 524 872 398 703 858 861 989 914 769 521 62 577 1020 915 684 685 421 778 429 1057 836 115 646 347 785 289 455 386 349 675 754 267 681 732 510 771 711 359 475 809 804 705 -1 335 418 718 433 707 390 715 776 519 574 623 100 953 286 627 299 493 463 652 750 550 779 695 205 344 873 894 774 337 827 450 1064 475 946 783 659 549 540 333 596 947 721 188 72 820 764 462 101 169 880 815 953 
564 364 719 435 388 296 640 64 559 559 671 734 676 460 236 332 500 759 600 351 388 181 473 217 771 501 230 429 107 451 129 123 184 127 430 431 367 401 398 309 451 396 299 336 580 477 501 335 -1 89 672 329 387 160 444 635 364 267 356 433 666 347 293 73 266 136 317 454 570 449 364 225 213 545 637 484 322 660 276 766 196 665 519 468 530 205 374 303 676 591 438 406 550 489 378 246 293 660 571 720 
477 372 647 360 338 239 565 33 511 470 607 653 598 370 228 408 476 676 510 266 300 215 384 182 683 421 317 365 110 368 210 81 165 189 357 341 407 318 324 260 361 348 306 309 507 388 438 418 89 -1 649 315 297 206 362 585 326 235 278 515 579 381 209 157 212 46 242 366 570 382 277 314 217 457 556 452 338 603 244 677 127 578 438 410 522 134 398 218 591 546 502 490 466 406 365 323 352 588 494 643 
595 341 444 868 337 434 451 673 214 646 344 572 487 647 877 657 173 609 745 748 576 852 630 467 717 879 724 376 565 813 778 728 490 798 436 708 452 526 851 400 696 949 391 339 417 758 344 718 672 649 -1 343 668 833 507 208 325 872 490 742 652 431 728 729 448 646 794 592 185 921 732 811 463 795 526 1071 393 277 404 764 539 629 503 320 169 736 384 554 597 182 591 758 536 528 295 649 551 424 460 494 
485 95 509 603 153 167 454 335 271 514 429 580 498 459 544 383 172 615 598 483 367 510 455 139 678 637 406 237 222 571 436 397 150 455 286 488 224 336 576 130 490 645 75 49 392 544 282 433 329 315 343 -1 438 489 349 345 93 548 275 491 580 186 444 385 157 322 505 417 257 645 476 479 121 602 492 760 111 393 86 701 229 566 399 233 206 423 162 301 556 292 383 492 439 394 49 343 271 456 409 532 
218 529 462 207 340 271 376 325 466 190 469 416 392 85 389 688 525 428 213 106 93 451 107 324 404 211 613 292 363 145 499 302 351 461 237 51 625 144 201 310 64 334 479 398 341 107 341 707 387 297 668 438 -1 458 179 517 378 337 180 799 306 590 133 451 281 251 182 115 671 265 80 609 416 171 331 460 523 497 354 388 243 313 233 350 607 225 585 136 339 504 756 779 238 191 471 608 608 412 306 437 
662 520 851 430 540 443 768 173 713 646 813 848 799 541 135 411 660 869 665 387 488 31 560 374 861 506 275 571 267 474 101 159 344 44 562 491 503 514 392 461 517 333 456 496 712 524 644 390 160 206 833 489 458 -1 560 788 521 197 481 488 760 490 334 117 415 236 325 550 727 422 408 203 372 589 753 384 475 808 434 847 333 763 636 616 689 235 522 415 781 746 539 452 660 601 539 331 411 792 696 845 
138 444 299 386 210 196 213 395 296 165 291 290 240 140 525 681 385 315 255 280 90 561 124 287 343 380 642 136 376 318 571 403 328 550 73 207 567 46 380 223 191 508 411 301 167 253 167 715 444 362 507 349 179 560 -1 341 265 487 91 795 239 529 288 516 224 324 349 85 542 445 257 667 379 288 194 635 455 318 284 356 250 231 76 187 476 352 511 145 234 334 718 784 107 49 366 613 582 243 139 285 
403 396 238 725 247 347 244 616 76 457 137 363 279 478 800 722 213 401 556 612 424 801 458 417 509 722 751 237 532 659 758 656 455 762 282 549 535 373 715 327 532 831 417 313 217 593 176 776 635 585 208 345 517 788 341 -1 275 780 356 825 449 503 605 703 373 568 671 423 341 782 591 818 457 619 320 958 440 71 363 558 460 425 317 180 289 639 461 431 391 55 693 831 344 349 314 689 609 215 262 286 
397 182 418 562 60 113 361 353 198 430 342 486 405 387 553 472 158 521 519 440 298 537 379 147 586 586 480 145 258 519 483 404 180 492 198 426 317 260 540 75 423 626 167 45 298 482 189 519 364 326 325 93 378 521 265 275 -1 546 203 582 490 280 411 429 122 320 475 340 293 609 428 543 184 534 399 747 205 313 88 611 213 475 309 141 230 410 253 247 463 228 476 581 349 308 101 425 361 364 316 439 
556 607 786 245 544 442 699 224 712 525 771 753 722 422 67 586 702 766 520 240 399 171 445 411 735 323 460 544 343 304 289 155 400 230 514 353 632 441 209 473 382 137 542 537 653 370 613 574 267 235 872 548 337 197 487 780 546 -1 432 674 641 610 205 277 424 227 163 448 805 227 267 399 453 428 665 218 573 782 472 709 333 650 556 599 755 141 631 355 676 749 702 640 570 516 597 500 559 730 626 767 
226 370 369 379 160 112 286 312 295 244 340 378 319 184 461 590 345 405 323 260 94 486 179 197 434 391 550 119 285 325 485 329 237 468 83 224 485 62 363 145 220 475 331 230 230 279 182 623 356 278 490 275 180 481 91 356 203 432 -1 705 330 448 249 429 136 245 315 142 494 432 242 578 291 330 281 602 375 351 201 444 160 322 164 178 429 291 434 76 326 334 633 693 198 140 301 522 493 311 215 364 
932 428 1000 869 638 601 942 497 755 944 920 1062 984 859 621 114 617 1094 1005 781 772 519 866 508 1139 934 214 716 437 883 388 555 467 448 750 848 293 765 831 583 864 811 416 537 878 899 771 100 433 515 742 491 799 488 795 825 582 674 705 -1 1035 321 724 399 572 559 751 837 564 879 791 296 418 967 968 872 385 880 521 1149 563 1027 861 723 575 639 366 684 1025 769 160 41 900 845 512 192 221 946 888 1021 
104 673 260 456 430 436 208 611 443 116 330 145 185 221 695 920 576 139 159 401 278 755 200 527 104 407 876 346 611 372 789 602 568 759 294 289 802 272 470 460 260 613 647 531 235 289 329 953 666 579 652 580 306 760 239 449 490 641 330 1035 -1 765 439 737 464 536 481 212 736 514 375 892 619 265 128 729 689 391 522 121 482 25 181 373 671 530 742 364 67 470 956 1023 140 190 589 851 821 244 194 210 
667 107 691 724 340 336 640 385 435 692 605 767 684 626 584 227 295 802 770 612 533 518 626 266 863 772 303 424 270 709 406 456 243 447 470 641 37 510 692 306 648 729 118 236 578 698 468 286 347 381 431 186 590 490 529 503 280 610 448 321 765 -1 563 372 315 409 613 590 270 756 611 402 177 760 679 828 75 561 246 884 352 752 584 418 262 512 47 455 742 447 197 331 624 576 195 223 120 639 596 717 
351 525 585 161 390 297 498 228 543 323 578 548 518 218 255 617 568 561 332 58 198 323 241 309 536 213 523 368 303 158 387 186 321 343 326 157 594 244 132 335 185 226 465 416 455 191 431 627 293 209 728 444 133 334 288 605 411 205 249 724 439 563 -1 347 292 166 66 243 697 200 75 502 387 258 460 353 506 597 359 515 217 447 354 427 638 99 569 175 472 582 706 699 366 313 487 533 554 531 425 564 
634 407 792 476 457 368 713 126 626 627 743 807 749 527 230 309 557 831 664 405 458 146 542 285 841 546 186 501 171 502 56 163 248 74 503 492 386 473 438 378 515 413 345 398 653 535 573 299 73 157 729 385 451 117 516 703 429 277 429 399 737 372 347 -1 337 202 360 524 614 482 420 157 265 603 710 485 360 730 341 834 270 736 592 539 580 251 405 374 748 657 430 367 622 562 433 224 296 733 644 793 
361 247 461 448 125 32 387 242 298 380 406 497 427 311 434 457 280 527 455 327 218 428 311 64 567 480 429 165 171 414 393 286 108 391 182 332 352 198 423 49 336 504 199 124 325 389 236 493 266 212 448 157 281 415 224 373 122 424 136 572 464 315 292 337 -1 200 355 276 405 492 319 471 155 448 401 624 244 394 72 580 91 455 290 202 346 288 305 144 454 333 497 561 328 273 195 392 358 402 325 468 
434 388 614 321 324 222 531 75 496 425 580 614 562 325 234 452 475 636 464 222 258 241 339 184 639 379 364 340 141 324 253 87 178 226 326 295 437 279 287 249 315 326 324 309 475 342 413 463 136 46 646 322 251 236 324 568 320 227 245 559 536 409 166 202 200 -1 206 323 580 347 231 359 238 410 518 437 360 580 245 632 109 536 400 390 528 104 422 179 550 532 541 535 427 367 371 367 390 556 459 608 
399 582 643 118 456 362 556 255 610 365 641 597 574 264 223 648 633 609 357 79 259 308 288 367 572 186 543 434 347 149 393 197 375 343 391 191 643 307 81 399 220 160 521 479 516 208 496 652 317 242 794 505 182 325 349 671 475 163 315 751 481 613 66 360 355 206 -1 297 759 142 106 509 439 268 514 287 560 662 420 545 276 490 412 493 701 111 623 242 519 648 745 723 420 371 548 562 594 590 484 619 
112 512 347 314 289 254 262 398 381 107 359 305 277 55 495 722 468 321 180 221 66 546 39 333 316 299 668 220 404 240 576 391 370 547 158 129 627 81 313 287 109 449 473 371 231 169 251 750 454 366 592 417 115 550 85 423 340 448 142 837 212 590 243 524 276 323 297 -1 624 374 195 680 428 203 217 574 517 394 344 315 275 213 119 273 557 325 576 155 232 418 772 822 123 79 440 649 630 298 193 322 
659 207 575 853 335 404 557 587 305 702 474 687 599 674 796 488 160 725 797 731 588 751 663 397 817 879 573 407 468 813 657 651 404 688 469 718 283 546 828 365 714 903 271 280 507 774 407 550 570 570 185 257 671 727 542 341 293 805 494 564 736 270 697 614 405 580 759 624 -1 897 721 669 358 823 620 1017 254 413 340 856 485 717 565 365 66 680 224 540 693 293 410 584 603 577 211 493 389 540 543 617 
455 724 718 60 584 496 634 389 727 407 733 648 643 326 295 781 765 651 364 172 357 398 351 509 589 117 668 551 488 142 506 325 517 450 500 246 785 409 69 534 271 118 663 617 605 226 605 779 449 382 921 645 265 422 445 782 609 227 432 879 514 756 200 482 492 347 142 374 897 -1 190 620 581 257 578 216 702 763 559 549 417 529 494 610 838 248 765 366 565 766 883 849 491 453 687 695 734 671 567 686 
293 562 542 136 397 316 456 299 536 259 548 492 472 158 323 683 581 503 258 27 168 397 182 348 468 162 594 360 362 98 462 260 368 418 309 86 644 219 123 355 115 254 507 442 421 116 414 695 364 277 732 476 80 408 257 591 428 267 242 791 375 611 75 420 319 231 106 195 721 190 -1 576 434 183 410 380 549 575 390 444 259 384 313 419 659 174 613 181 413 575 764 767 317 272 514 599 613 492 386 516 
789 471 932 622 582 503 857 284 741 784 875 956 894 684 338 245 648 983 822 560 613 232 699 411 997 695 106 637 299 655 115 316 369 170 647 650 401 625 584 505 672 536 420 505 795 692 706 205 225 314 811 479 609 203 667 818 543 399 578 296 892 402 502 157 471 359 509 680 669 620 576 -1 361 760 859 582 420 854 457 992 417 890 742 667 649 405 445 528 900 768 382 256 774 714 522 187 292 873 790 937 
517 154 594 548 231 183 528 230 381 534 524 645 570 459 439 303 293 677 605 435 367 394 462 95 722 595 296 302 111 532 315 297 66 336 332 467 210 352 517 166 476 563 89 144 465 523 363 344 213 217 463 121 416 372 379 457 184 453 291 418 619 177 387 265 155 238 439 428 358 581 434 361 -1 587 551 670 122 497 106 735 175 609 443 318 317 342 184 284 607 407 344 410 482 428 168 245 202 537 472 609 
231 695 498 203 488 435 422 481 583 176 537 407 420 150 491 856 670 404 108 201 236 575 164 494 332 144 774 423 532 125 645 444 522 601 361 120 796 277 227 472 112 366 647 559 412 68 452 873 545 457 795 602 171 589 288 619 534 428 330 967 265 760 258 603 448 410 268 203 823 257 183 760 587 -1 353 473 692 582 521 292 414 284 302 476 758 357 754 305 323 620 928 945 283 270 631 775 779 461 367 457 
123 580 145 518 338 370 79 590 320 177 202 97 67 254 710 855 462 126 262 437 268 753 229 465 196 485 828 254 564 437 765 595 509 744 219 334 716 239 523 385 307 663 563 442 113 355 219 894 637 556 526 492 331 753 194 320 399 665 281 968 128 679 460 710 401 518 514 217 620 578 410 859 551 353 -1 786 603 262 447 239 442 104 117 267 556 538 651 339 72 345 874 961 94 152 493 793 749 117 82 107 
665 823 922 273 736 637 836 443 895 620 927 861 850 532 254 793 905 866 580 354 544 353 557 620 805 331 659 721 561 356 485 373 614 425 679 451 850 593 262 672 479 127 758 743 800 440 784 774 484 452 1071 760 460 384 635 958 747 218 602 872 729 828 353 485 624 437 287 574 1017 216 380 582 670 473 786 -1 791 949 680 764 536 744 693 779 964 338 849 527 779 934 915 836 696 652 807 709 775 872 766 893 
592 51 619 667 265 263 566 349 369 618 535 692 610 555 555 282 240 727 698 552 462 500 554 200 788 711 331 349 229 647 402 417 185 435 395 574 113 437 637 231 579 685 44 161 503 630 393 337 322 338 393 111 523 475 455 440 205 573 375 385 689 75 506 360 244 360 560 517 254 702 549 420 122 692 603 791 -1 494 173 809 290 676 508 344 229 464 63 387 667 385 271 390 549 501 126 258 169 566 521 643 
357 453 167 705 273 365 183 634 125 413 66 295 214 448 808 775 278 332 510 597 407 818 426 446 444 694 793 240 561 634 786 668 486 785 270 523 594 356 698 352 504 822 467 355 170 563 169 827 660 603 277 393 497 808 318 71 313 782 351 880 391 561 597 730 394 580 662 394 413 763 575 854 497 582 262 949 494 -1 396 495 475 366 280 192 358 642 521 428 330 121 754 884 300 316 367 736 662 150 216 216 
422 174 488 517 125 89 422 269 286 445 420 540 464 382 473 408 231 573 524 397 289 451 380 62 623 552 400 195 170 486 395 324 92 404 230 405 283 264 491 62 408 563 129 64 358 462 256 450 276 244 404 86 354 434 284 363 88 472 201 521 522 246 359 341 72 245 420 344 340 559 390 457 106 521 447 680 173 396 -1 640 145 511 343 213 284 342 233 217 505 316 434 515 383 332 129 352 302 431 367 502 
218 794 346 496 551 553 314 708 559 208 431 212 282 307 768 1034 696 184 189 469 381 838 292 641 63 433 983 467 719 416 884 690 681 850 414 358 922 384 518 579 330 659 766 651 350 339 449 1064 766 677 764 701 388 847 356 558 611 709 444 1149 121 884 515 834 580 632 545 315 856 549 444 992 735 292 239 764 809 495 640 -1 590 139 302 494 790 612 863 470 167 584 1074 1135 261 308 711 963 938 345 313 292 
378 308 523 378 215 113 443 160 387 383 480 539 479 295 343 449 370 566 442 261 209 343 302 91 587 420 393 237 129 357 326 196 109 314 233 293 385 211 349 140 305 418 249 207 384 349 310 475 196 127 539 229 243 333 250 460 213 333 160 563 482 352 217 270 91 109 276 275 485 417 259 417 175 414 442 536 290 475 145 590 -1 478 325 283 429 198 354 121 485 423 513 547 357 298 274 374 365 464 375 523 
101 658 235 471 415 426 183 611 421 126 306 123 160 228 702 912 556 121 180 411 278 759 206 518 112 425 871 330 605 387 788 604 560 760 281 300 789 267 483 448 271 626 634 517 213 304 310 946 665 578 629 566 313 763 231 425 475 650 322 1027 25 752 447 736 455 536 490 213 717 529 384 890 609 284 104 744 676 366 511 139 478 -1 168 355 651 535 728 362 43 448 944 1016 128 182 574 844 812 219 174 186 
94 491 230 434 249 260 144 472 289 142 241 214 166 170 597 747 404 240 241 338 156 637 146 354 280 415 714 165 449 358 647 479 397 626 113 248 621 121 433 281 226 567 466 349 112 283 162 783 519 438 503 399 233 636 76 317 309 556 164 861 181 584 354 592 290 400 412 119 565 494 313 742 443 302 117 693 508 280 343 302 325 168 -1 199 498 425 561 221 163 323 776 852 40 41 408 682 645 179 73 212 
294 315 277 555 87 172 222 442 117 338 207 350 266 327 621 612 204 386 435 438 257 626 312 256 461 560 613 59 370 495 595 477 297 593 116 388 455 207 542 161 376 653 308 186 160 438 49 659 468 410 320 233 350 616 187 180 141 599 178 723 373 418 427 539 202 390 493 273 365 610 419 667 318 476 267 779 344 192 213 494 283 355 199 -1 298 458 387 251 336 155 615 721 238 214 227 563 502 223 185 299 
593 177 517 792 270 343 494 541 245 635 417 625 537 608 750 488 94 663 730 670 523 712 597 344 753 816 558 340 425 750 626 603 356 652 402 654 283 480 769 304 649 848 235 222 443 709 341 549 530 522 169 206 607 689 476 289 230 755 429 575 671 262 638 580 346 528 701 557 66 838 659 649 317 758 556 964 229 358 284 790 429 651 498 298 -1 627 215 478 628 237 427 589 537 510 157 481 382 479 477 557 
436 492 651 229 404 303 565 143 571 414 632 629 591 309 173 537 568 646 430 155 269 226 329 283 629 296 433 403 242 250 289 88 281 244 374 255 540 306 192 336 281 222 428 405 516 290 472 540 205 134 736 423 225 235 352 639 410 141 291 639 530 512 99 251 288 104 111 325 680 248 174 405 342 357 538 338 464 642 342 612 198 535 425 458 627 -1 526 215 557 608 635 612 443 386 470 451 486 595 492 637 
647 71 656 731 313 322 609 406 396 675 567 737 653 616 609 273 251 773 757 615 523 549 613 264 839 774 349 398 288 710 443 476 248 480 448 636 73 496 700 289 641 746 106 211 547 693 437 333 374 398 384 162 585 522 511 461 253 631 434 366 742 47 569 405 305 422 623 576 224 765 613 445 184 754 651 849 63 521 233 863 354 728 561 387 215 526 -1 449 717 406 233 377 602 557 160 269 167 606 568 684 
261 392 440 316 217 136 355 251 368 262 416 435 384 176 386 570 400 458 322 195 88 416 182 190 469 339 513 193 249 272 428 258 222 405 158 187 491 100 297 176 193 401 343 263 302 244 259 596 303 218 554 301 136 415 145 431 247 355 76 684 364 455 175 374 144 179 242 155 540 366 181 528 284 305 339 527 387 428 217 470 121 362 221 251 478 215 449 -1 373 406 628 668 248 188 336 495 482 382 282 430 
121 646 193 506 403 424 147 624 393 158 267 83 119 255 726 911 533 89 222 440 293 779 231 518 125 464 876 318 611 423 801 622 561 776 275 330 780 275 517 443 302 659 626 506 185 339 289 947 676 591 597 556 339 781 234 391 463 676 326 1025 67 742 472 748 454 550 519 232 693 565 413 900 607 323 72 779 667 330 505 167 485 43 163 336 628 557 717 373 -1 417 937 1016 127 187 560 846 808 181 151 143 
414 340 282 710 208 309 273 575 38 465 181 399 312 474 765 667 157 437 564 594 411 760 455 373 539 713 698 215 486 648 711 619 408 718 268 540 479 360 697 285 526 808 363 263 235 587 167 721 591 546 182 292 504 746 334 55 228 749 334 769 470 447 582 657 333 532 648 418 293 766 575 768 407 620 345 934 385 121 316 584 423 448 323 155 237 608 406 406 417 -1 637 775 354 349 259 635 554 250 278 326 
856 303 888 862 536 521 837 494 629 877 800 963 881 803 660 136 481 998 949 760 712 570 806 439 1056 919 277 620 402 861 440 561 406 495 663 807 161 695 826 496 818 835 311 432 775 862 665 188 438 502 591 383 756 539 718 693 476 702 633 160 956 197 706 430 497 541 745 772 410 883 764 382 344 928 874 915 271 754 434 1074 513 944 776 615 427 635 233 628 937 637 -1 189 816 766 392 208 151 837 792 914 
920 435 999 840 635 592 937 470 759 929 921 1055 980 841 585 109 626 1087 987 757 756 483 849 497 1127 907 181 711 419 858 352 526 455 412 742 827 306 752 802 576 844 778 417 536 874 877 769 72 406 490 758 492 779 452 784 831 581 640 693 41 1023 331 699 367 561 535 723 822 584 849 767 256 410 945 961 836 390 884 515 1135 547 1016 852 721 589 612 377 668 1016 775 189 -1 889 833 516 172 222 944 882 1017 
59 532 226 431 290 299 143 500 322 113 254 187 154 165 615 785 442 209 211 344 174 660 139 392 240 405 749 205 483 352 676 502 434 653 153 245 662 148 434 320 220 571 507 390 129 273 198 820 550 466 536 439 238 660 107 344 349 570 198 900 140 624 366 622 328 427 420 123 603 491 317 774 482 283 94 696 549 300 383 261 357 128 40 238 537 443 602 248 127 354 816 889 -1 60 449 719 684 181 84 199 
90 489 271 393 251 245 185 439 314 125 280 247 205 131 559 730 417 270 221 297 117 601 109 336 294 377 690 170 424 319 616 443 377 593 110 208 614 88 392 270 187 526 458 345 151 246 183 764 489 406 528 394 191 601 49 349 308 516 140 845 190 576 313 562 273 367 371 79 577 453 272 714 428 270 152 652 501 316 332 308 298 182 41 214 510 386 557 188 187 349 766 833 60 -1 409 662 631 220 114 251 
498 89 496 644 159 199 448 385 243 531 409 577 492 485 593 408 126 613 620 523 395 559 479 187 683 675 443 243 272 608 483 446 200 504 298 520 230 359 619 160 520 692 104 72 387 576 276 462 378 365 295 49 471 539 366 314 101 597 301 512 589 195 487 433 195 371 548 440 211 687 514 522 168 631 493 807 126 367 129 711 274 574 408 227 157 470 160 336 560 259 392 516 449 409 -1 377 295 445 410 523 
748 309 839 680 476 423 774 307 614 756 767 888 815 668 454 86 497 919 815 590 583 362 676 328 956 744 82 547 246 692 231 369 285 287 574 656 216 579 643 411 672 636 272 381 710 707 608 101 246 323 649 343 608 331 613 689 425 500 522 192 851 223 533 224 392 367 562 649 493 695 599 187 245 775 793 709 258 736 352 963 374 844 682 563 481 451 269 495 846 635 208 172 719 662 377 -1 106 783 715 854 
720 216 779 711 417 385 720 345 537 736 700 842 763 658 522 113 408 875 805 609 567 441 662 297 924 768 188 496 251 710 317 414 260 367 533 658 109 554 676 364 670 689 195 315 657 712 550 169 293 352 551 271 608 411 582 609 361 559 493 221 821 120 554 296 358 390 594 630 389 734 613 292 202 779 749 775 169 662 302 938 365 812 645 502 382 486 167 482 808 554 151 222 684 631 295 106 -1 725 668 800 
230 535 59 611 308 370 39 621 234 286 86 148 64 345 767 835 388 186 377 517 332 797 320 464 294 587 829 237 574 533 789 640 508 777 231 425 676 289 611 373 401 746 531 409 80 455 175 880 660 588 424 456 412 792 243 215 364 730 311 946 244 639 531 733 402 556 590 298 540 671 492 873 537 461 117 872 566 150 431 345 464 219 179 223 479 595 606 382 181 250 837 944 181 220 445 783 725 -1 105 78 
141 497 159 507 256 293 73 528 249 197 170 173 104 242 665 775 383 206 294 411 227 699 218 389 276 486 754 172 492 430 700 541 433 684 143 321 633 186 506 305 298 640 481 360 45 354 137 815 571 494 460 409 306 696 139 262 316 626 215 888 194 596 425 644 325 459 484 193 543 567 386 790 472 367 82 766 521 216 367 313 375 174 73 185 477 492 568 282 151 278 792 882 84 114 410 715 668 105 -1 148 
231 613 54 625 382 436 80 677 312 283 149 81 46 361 809 909 467 117 361 543 368 847 336 531 234 592 897 307 638 544 849 689 575 832 290 442 753 332 631 443 415 770 607 485 144 462 250 953 720 643 494 532 437 845 285 286 439 767 364 1021 210 717 564 793 468 608 619 322 617 686 516 937 609 457 107 893 643 216 502 292 523 186 212 299 557 637 684 430 143 326 914 1017 199 251 523 854 800 78 148 -1 
