100
-1 181 696 382 449 362 394 225 456 452 328 512 427 637 214 198 663 485 596 397 399 470 286 333 143 475 273 163 443 751 480 293 446 432 358 478 166 204 536 187 329 136 318 501 324 672 477 230 430 480 642 169 384 175 221 613 213 174 509 381 120 665 633 755 541 608 255 58 365 371 629 339 302 263 292 321 257 639 131 200 493 167 225 245 778 308 546 49 671 402 122 278 355 381 562 76 542 606 250 394 
181 -1 843 301 629 544 524 299 554 609 507 664 537 753 377 360 734 666 673 574 472 336 468 317 44 425 268 276 569 867 614 426 343 488 429 519 317 343 611 104 494 132 191 681 494 779 637 119 609 631 824 246 489 214 403 765 240 166 526 408 300 785 769 846 721 771 207 199 537 519 720 477 322 163 456 239 373 821 192 305 577 249 58 246 960 462 687 198 813 514 109 454 227 529 603 219 597 674 328 576 
696 843 -1 789 376 480 323 561 352 248 432 185 338 194 679 498 398 380 372 581 451 937 510 665 821 746 659 567 286 200 234 777 855 480 478 511 532 501 389 771 375 716 847 532 390 236 229 801 549 215 457 603 878 847 556 85 637 699 575 569 635 171 97 326 353 146 726 652 362 751 313 776 607 793 668 779 802 499 654 541 374 812 855 660 483 712 158 720 43 352 818 451 867 315 502 726 457 409 859 500 
382 301 789 -1 716 673 481 269 440 611 605 644 451 641 592 437 544 756 502 745 340 148 605 124 331 132 149 319 506 742 559 675 74 322 310 320 393 382 448 211 540 246 127 828 556 646 642 182 767 612 931 270 760 502 556 729 206 209 293 225 485 675 697 678 800 770 127 346 597 752 565 722 185 137 666 63 635 941 266 314 435 523 253 166 1053 687 635 426 750 438 394 549 113 521 389 455 403 487 609 714 
449 629 376 716 -1 115 306 447 425 194 121 236 379 454 342 286 612 40 551 205 470 849 175 605 592 739 566 402 329 535 309 421 790 521 464 576 332 334 522 599 180 535 715 173 160 509 183 640 173 233 215 453 513 551 240 298 513 542 641 560 344 461 376 619 92 235 606 433 121 379 532 410 542 654 308 676 458 231 480 402 477 505 664 551 340 349 307 451 379 367 563 176 747 241 622 444 577 585 528 125 
362 544 480 673 115 -1 337 411 457 263 83 319 409 529 228 237 663 138 597 113 479 796 75 573 504 716 526 353 373 622 368 306 746 530 462 587 279 295 558 529 186 466 653 155 158 583 264 572 106 306 280 402 400 444 141 398 466 481 647 549 247 542 465 691 196 345 554 357 146 271 590 297 513 592 193 626 343 278 418 363 510 396 585 507 417 235 386 355 477 392 467 129 688 274 645 344 604 627 414 44 
394 524 323 481 306 337 -1 238 120 138 254 163 73 244 446 210 329 342 261 449 172 628 315 357 506 466 341 248 49 358 90 556 551 220 179 272 229 189 221 448 151 395 526 471 180 286 168 478 442 131 507 281 665 561 326 252 314 376 339 280 365 271 244 382 366 289 405 343 195 569 265 574 295 471 469 462 561 532 333 219 174 535 533 339 607 512 165 427 290 60 512 230 548 65 315 440 271 290 599 378 
225 299 561 269 447 411 238 -1 254 352 339 395 239 454 385 175 445 487 380 496 179 407 349 161 291 305 119 73 277 568 327 488 343 207 136 253 138 116 319 213 271 167 290 567 287 479 383 240 511 362 662 58 590 398 312 490 76 139 288 163 274 487 479 549 531 516 170 167 328 542 422 525 103 233 444 234 466 674 111 48 280 392 299 107 784 476 403 272 527 217 318 284 315 263 337 296 318 386 473 455 
456 554 352 440 425 457 120 254 -1 244 374 244 47 206 547 300 218 459 149 568 99 588 431 318 545 394 323 295 100 316 143 658 504 129 135 169 304 260 101 463 270 421 513 591 299 225 269 483 562 221 620 310 767 630 433 304 319 390 237 217 455 240 258 299 478 366 395 400 316 680 172 681 266 465 578 437 656 647 364 258 53 613 550 331 711 620 209 497 311 67 565 345 527 186 197 515 152 172 684 499 
452 609 248 611 194 263 138 352 244 -1 196 63 201 266 436 254 419 222 359 375 310 755 273 489 583 603 465 339 143 360 115 539 683 357 317 407 292 267 334 549 126 489 643 367 143 320 31 584 356 43 376 382 644 599 311 163 428 480 475 418 386 279 207 429 235 164 523 413 122 527 338 544 425 584 435 585 559 404 427 320 293 564 628 459 470 479 124 473 231 197 575 205 668 89 441 479 394 393 612 296 
328 507 432 605 121 83 254 339 374 196 -1 257 327 458 248 169 582 159 516 194 396 734 78 500 471 640 456 287 292 556 292 345 679 447 380 504 215 223 475 478 103 415 597 232 74 510 205 521 190 239 328 338 448 440 130 347 400 424 565 469 228 473 403 616 213 309 491 311 73 331 512 348 439 536 239 562 371 336 361 292 427 398 542 439 459 283 320 332 423 309 444 57 630 193 562 328 521 545 432 126 
512 664 185 644 236 319 163 395 244 63 257 -1 209 217 500 313 389 257 336 429 325 791 335 521 640 625 503 390 147 302 101 602 715 368 341 413 349 321 322 599 190 541 686 409 207 273 54 632 406 33 393 431 706 662 375 101 472 528 481 440 450 224 146 383 257 126 565 470 184 587 305 606 459 629 497 624 622 426 478 368 287 627 680 500 470 541 70 535 167 212 634 269 709 135 434 541 387 373 676 349 
427 537 338 451 379 409 73 239 47 201 327 209 -1 216 505 260 262 413 193 521 117 599 384 327 524 418 322 269 61 330 112 616 518 158 140 206 269 225 148 451 223 405 513 544 252 246 228 475 515 183 576 291 725 599 389 281 309 378 274 234 416 248 248 330 434 334 392 372 268 635 207 637 269 462 534 441 616 602 345 234 100 579 538 327 671 576 185 466 299 24 540 298 530 138 243 482 198 218 648 451 
637 753 194 641 454 529 244 454 206 266 458 217 216 -1 681 454 204 474 179 642 303 787 531 521 740 578 529 484 195 114 169 790 700 319 341 337 473 432 207 666 367 621 719 627 392 56 270 688 621 223 597 507 897 805 557 196 523 593 395 415 609 34 106 165 468 285 601 584 385 789 119 801 472 671 693 642 800 634 561 450 206 780 753 537 651 737 147 672 151 239 753 453 732 278 314 685 272 216 842 562 
214 377 679 592 342 228 446 385 547 436 248 500 505 681 -1 247 765 366 696 209 525 685 172 527 332 674 468 311 494 788 512 111 659 570 492 624 258 299 643 401 316 349 532 325 294 728 450 445 251 476 488 345 220 225 124 594 404 383 670 548 111 702 643 828 424 557 465 246 317 160 710 140 482 478 79 533 122 474 329 341 595 174 429 442 626 94 556 180 667 481 278 231 570 402 700 157 669 716 186 240 
198 360 498 437 286 237 210 175 300 254 169 313 260 454 247 -1 519 326 449 322 280 565 174 336 330 481 289 118 259 566 290 359 510 327 251 383 46 61 395 315 134 252 429 392 136 496 280 356 336 282 497 168 467 354 146 415 231 256 435 323 156 479 438 589 376 412 321 160 179 391 467 385 278 368 289 393 356 505 194 126 347 326 386 270 626 327 351 223 475 236 320 112 461 185 456 233 422 469 389 280 
663 734 398 544 612 663 329 445 218 419 582 389 262 204 765 519 -1 640 69 777 265 679 645 444 733 449 473 500 290 245 303 877 589 246 309 226 519 475 127 634 480 605 648 785 509 165 434 643 765 382 783 503 986 838 652 397 494 567 257 335 672 227 310 138 646 482 546 605 517 897 87 899 415 615 796 565 874 816 556 462 172 825 718 491 849 838 325 707 355 285 763 559 651 389 159 727 142 60 899 702 
485 666 380 756 40 138 342 487 459 222 159 257 413 474 366 326 640 -1 581 209 508 889 206 646 629 779 606 443 361 549 337 439 831 558 503 612 372 374 554 638 220 574 755 154 200 530 206 680 171 259 174 493 526 581 272 307 553 582 679 599 378 478 390 640 57 235 646 471 161 388 558 423 582 694 325 717 480 192 520 442 510 534 702 591 300 364 327 485 388 402 597 216 787 277 656 477 611 615 552 135 
596 673 372 502 551 597 261 380 149 359 516 336 193 179 696 449 69 581 -1 710 201 642 576 394 670 418 418 433 225 251 243 807 553 189 245 182 450 406 61 575 413 543 599 723 441 157 377 587 700 324 729 438 916 771 582 357 433 506 227 284 603 209 278 177 590 438 491 538 452 828 67 830 359 561 727 517 804 760 492 395 103 756 660 434 802 769 276 639 328 215 698 491 605 322 137 659 102 38 831 637 
397 574 581 745 205 113 449 496 568 375 194 429 521 642 209 322 777 209 710 -1 584 857 148 656 531 802 604 430 486 732 482 246 817 634 563 691 358 383 669 579 298 519 709 117 269 696 375 623 46 418 286 477 321 433 188 502 541 543 749 644 276 653 574 804 257 440 621 408 260 180 704 220 599 650 140 693 297 267 481 447 621 382 622 582 422 169 498 376 582 502 482 229 745 387 754 358 714 739 375 81 
399 472 451 340 470 479 172 179 99 310 396 325 117 303 525 280 265 508 201 584 -1 488 438 218 469 300 227 237 178 410 229 635 404 51 43 107 268 226 140 376 297 341 416 625 324 316 339 392 585 297 677 237 742 574 425 397 233 306 171 118 423 337 357 374 536 451 300 341 351 671 248 664 169 371 569 339 623 700 290 199 106 563 462 238 779 607 302 445 410 113 497 354 428 232 175 466 145 207 641 523 
470 336 937 148 849 796 628 407 588 755 734 791 599 787 685 565 679 889 642 857 488 -1 724 272 377 234 290 447 654 886 707 753 90 468 458 460 519 515 590 283 677 338 152 948 691 790 786 240 883 759 1062 396 825 551 670 877 336 315 423 372 585 822 845 816 936 916 243 449 734 840 706 803 332 208 762 172 705 1070 377 448 581 583 278 300 1189 777 784 507 898 586 444 677 114 666 521 534 541 624 664 836 
286 468 510 605 175 75 315 349 431 273 78 335 384 531 172 174 645 206 576 148 438 724 -1 510 429 655 460 286 357 632 364 267 678 488 416 544 213 235 532 454 167 392 580 224 139 582 283 498 162 315 355 334 370 376 66 425 399 409 602 495 173 548 481 687 263 385 483 282 150 257 578 271 452 519 162 556 293 354 346 300 483 330 509 439 492 206 397 280 501 364 393 86 615 259 610 271 571 603 357 111 
333 317 665 124 605 573 357 161 318 489 500 521 327 521 527 336 444 646 394 656 218 272 510 -1 332 147 60 226 382 626 435 622 194 207 186 218 297 278 336 212 426 214 205 729 445 530 520 208 672 489 820 183 717 485 470 605 123 168 211 110 416 556 574 572 687 647 110 284 484 687 453 664 64 173 593 123 590 834 202 210 318 493 286 87 939 621 511 382 626 314 383 446 212 400 297 410 301 384 580 616 
143 44 821 331 592 504 506 291 545 583 471 640 524 740 332 330 733 629 670 531 469 377 429 332 -1 450 279 257 552 855 595 381 378 489 425 524 291 320 609 123 465 128 229 639 463 769 610 149 567 607 784 235 447 175 363 741 241 170 537 415 258 771 750 841 685 743 225 170 505 474 714 432 328 193 412 267 329 780 180 290 572 206 101 254 921 417 666 154 793 501 66 420 266 505 609 175 599 673 287 535 
475 425 746 132 739 716 466 305 394 603 640 625 418 578 674 481 449 779 418 802 300 234 655 147 450 -1 205 373 478 668 530 767 146 265 286 241 443 420 373 327 559 347 259 871 580 572 634 306 817 596 953 331 859 615 617 698 270 303 192 185 563 612 650 587 816 751 227 430 617 835 485 810 202 262 741 188 733 970 347 354 374 630 381 232 1066 768 602 523 704 412 509 587 243 518 290 551 316 396 717 759 
273 268 659 149 566 526 341 119 323 465 456 503 322 529 468 289 473 606 418 604 227 290 460 60 279 205 -1 174 372 637 425 562 224 229 188 252 247 233 357 164 390 156 190 681 406 543 497 169 623 470 781 127 657 426 416 593 64 111 258 140 358 563 570 595 650 627 73 225 447 629 472 605 58 144 536 121 530 792 142 164 332 434 245 27 903 563 502 322 622 306 327 400 208 376 336 350 333 413 520 568 
163 276 567 319 402 353 248 73 295 339 287 390 269 484 311 118 500 443 433 430 237 447 286 226 257 373 174 -1 294 598 338 415 393 272 196 322 73 73 373 210 237 150 314 508 246 515 368 246 448 357 615 50 517 338 243 490 113 143 361 237 200 514 493 594 491 503 203 105 290 469 467 451 173 253 371 275 394 623 88 37 330 326 290 153 742 402 411 207 537 245 270 230 345 254 404 229 380 443 405 395 
443 569 286 506 329 373 49 277 100 143 292 147 61 195 494 259 290 361 225 486 178 654 357 382 552 478 372 294 -1 308 52 604 575 220 197 266 278 238 192 490 191 438 561 499 219 236 169 517 475 121 520 324 713 611 373 223 352 417 335 294 415 222 202 334 378 273 439 391 227 613 220 620 322 507 514 493 610 548 377 263 149 585 575 373 611 557 129 477 250 67 561 273 580 99 297 490 251 256 649 412 
751 867 200 742 535 622 358 568 316 360 556 302 330 114 788 566 245 549 251 732 410 886 632 626 855 668 637 598 308 -1 278 895 798 419 450 428 587 547 296 779 472 735 826 704 495 96 357 800 707 317 650 621 1002 919 663 246 635 706 479 517 720 86 159 135 533 332 710 699 483 887 184 903 579 781 794 748 908 690 675 564 308 892 866 647 683 839 236 786 170 353 868 557 838 387 388 798 353 281 953 651 
480 614 234 559 309 368 90 327 143 115 292 101 112 169 512 290 303 337 243 482 229 707 364 435 595 530 425 338 52 278 -1 620 627 269 250 312 314 277 223 538 198 485 612 482 224 218 134 567 466 82 487 371 728 644 388 170 402 465 380 346 442 191 154 323 347 223 491 431 221 621 224 632 375 558 524 545 631 518 423 309 185 616 623 425 571 568 77 512 200 120 600 284 633 109 333 523 286 278 675 405 
293 426 777 675 421 306 556 488 658 539 345 602 616 790 111 359 877 439 807 246 635 753 267 622 381 767 562 415 604 895 620 -1 737 679 601 732 367 409 754 473 423 429 600 360 399 838 550 513 292 580 531 444 108 230 232 692 499 467 776 652 214 810 747 938 493 649 549 337 417 101 821 52 582 551 113 614 61 509 420 447 706 182 483 535 666 76 661 249 768 593 317 337 638 511 810 221 780 828 139 304 
446 343 855 74 790 746 551 343 504 683 679 715 518 700 659 510 589 831 553 817 404 90 678 194 378 146 224 393 575 798 627 737 -1 381 378 371 466 456 502 266 614 310 153 901 630 701 714 230 839 683 1005 343 818 553 628 798 280 276 332 286 553 735 762 726 875 841 196 414 671 817 617 785 257 187 733 125 694 1016 336 388 494 578 289 240 1127 753 703 488 815 507 444 623 122 594 430 516 451 534 663 788 
432 488 480 322 521 530 220 207 129 357 447 368 158 319 570 327 246 558 189 634 51 468 488 207 489 265 229 272 220 419 269 679 381 -1 77 57 311 270 129 388 348 360 411 676 375 323 385 398 636 341 727 265 785 606 473 434 248 321 120 98 465 353 385 366 585 492 302 374 402 718 245 709 170 372 616 330 664 750 315 236 112 598 472 245 827 654 338 479 439 160 523 405 419 282 131 502 110 185 678 574 
358 429 478 310 464 462 179 136 135 317 380 341 140 341 492 251 309 503 245 563 43 458 416 186 425 286 188 196 197 450 250 601 378 77 -1 132 234 193 183 333 286 298 378 612 311 357 348 350 568 310 675 194 707 532 398 420 189 262 186 100 387 375 387 417 535 467 260 299 343 642 291 632 131 331 540 303 587 695 247 159 149 523 420 197 783 577 325 404 439 129 454 335 392 233 209 426 184 250 602 506 
478 519 511 320 576 587 272 253 169 407 504 413 206 337 624 383 226 612 182 691 107 460 544 218 524 241 252 322 266 428 312 732 371 57 132 -1 365 325 131 416 404 396 422 732 431 331 434 421 693 388 780 309 837 650 529 471 283 354 68 112 518 370 414 357 638 535 323 420 458 774 246 764 196 390 672 339 716 804 356 286 136 645 497 273 877 709 376 526 468 211 563 462 425 335 85 550 83 167 727 630 
166 317 532 393 332 279 229 138 304 292 215 349 269 473 258 46 519 372 450 358 268 519 213 297 291 443 247 73 278 587 314 367 466 311 234 365 -1 44 393 269 177 206 382 434 181 511 319 309 375 317 544 123 473 332 174 451 186 209 413 295 154 500 467 599 422 453 275 121 225 410 475 398 241 321 310 347 356 551 148 89 347 310 341 227 672 344 380 198 506 244 287 158 414 216 443 213 413 466 380 321 
204 343 501 382 334 295 189 116 260 267 223 321 225 432 299 61 475 374 406 383 226 515 235 278 320 420 233 73 238 547 277 409 456 270 193 325 44 -1 349 282 164 222 386 451 175 469 296 319 396 288 548 121 516 374 207 422 179 216 375 261 198 461 431 556 421 431 272 154 219 448 431 439 217 325 347 342 399 559 160 68 303 353 361 217 673 383 346 240 473 201 323 168 416 186 401 256 370 422 424 339 
536 611 389 448 522 558 221 319 101 334 475 322 148 207 643 395 127 554 61 669 140 590 532 336 609 373 357 373 192 296 223 754 502 129 183 131 393 349 -1 513 371 481 540 690 400 200 356 526 663 305 710 377 863 711 533 361 371 445 188 226 547 240 292 237 569 435 431 478 415 780 117 779 299 501 678 459 749 739 430 335 48 697 599 372 793 719 271 580 345 167 637 445 548 285 115 600 68 73 773 599 
187 104 771 211 599 529 448 213 463 549 478 599 451 666 401 315 634 638 575 579 376 283 454 212 123 327 164 210 490 779 538 473 266 388 333 416 269 282 513 -1 445 63 131 677 451 688 578 44 609 565 805 168 552 291 395 697 144 73 422 304 304 699 692 750 690 713 103 172 494 557 624 521 219 78 479 147 428 807 122 230 482 313 86 143 937 494 613 225 739 430 183 422 168 463 500 252 495 573 398 566 
329 494 375 540 180 186 151 271 270 126 103 190 223 367 316 134 480 220 413 298 297 677 167 426 465 559 390 237 191 472 198 423 614 348 286 404 177 164 371 445 -1 382 551 328 28 417 149 483 292 162 394 286 530 473 191 290 341 381 468 380 260 386 328 520 260 279 436 295 58 424 411 434 362 490 326 504 437 411 322 229 324 437 519 377 513 370 240 348 357 205 451 85 580 92 460 352 418 441 487 229 
136 132 716 246 535 466 395 167 421 489 415 541 405 621 349 252 605 574 543 519 341 338 392 214 128 347 156 150 438 735 485 429 310 360 298 396 206 222 481 63 382 -1 189 615 387 647 518 106 547 507 741 114 515 271 334 640 112 45 412 287 247 653 639 714 626 653 121 110 431 507 588 475 201 130 425 185 389 744 62 175 446 282 139 129 874 443 559 180 685 382 170 358 225 405 481 208 470 545 369 503 
318 191 847 127 715 653 526 290 513 643 597 686 513 719 532 429 648 755 599 709 416 152 580 205 229 259 190 314 561 826 612 600 153 411 378 422 382 386 540 131 551 189 -1 804 561 731 674 87 737 653 925 265 674 404 523 779 214 173 407 314 435 753 760 777 805 807 121 300 605 687 657 650 247 61 610 83 553 930 235 324 519 433 136 187 1055 625 690 354 811 496 295 540 37 554 498 381 506 589 516 692 
501 681 532 828 173 155 471 567 591 367 232 409 544 627 325 392 785 154 723 117 625 948 224 729 639 871 681 508 499 704 482 360 901 676 612 732 434 451 690 677 328 615 804 -1 301 682 357 721 73 407 171 557 425 550 281 461 621 633 796 701 381 632 544 792 181 386 707 504 276 283 706 329 668 743 257 780 413 150 571 518 644 499 726 662 306 283 480 485 542 530 594 283 839 405 786 469 742 755 492 113 
324 494 390 556 160 158 180 287 299 143 74 207 252 392 294 136 509 200 441 269 324 691 139 445 463 580 406 246 219 495 224 399 630 375 311 431 181 175 400 451 28 387 561 301 -1 443 161 490 264 182 375 296 506 460 169 304 354 389 494 403 246 411 348 547 245 285 448 294 43 397 440 408 381 500 300 518 416 390 329 242 352 423 522 392 497 344 262 339 374 234 446 62 591 120 488 341 446 470 469 200 
672 779 236 646 509 583 286 479 225 320 510 273 246 56 728 496 165 530 157 696 316 790 582 530 769 572 543 515 236 96 218 838 701 323 357 331 511 469 200 688 417 647 731 682 443 -1 326 708 676 278 653 534 946 844 606 250 544 616 384 421 651 65 157 109 524 338 617 618 438 840 90 851 485 687 743 653 846 690 589 480 212 820 775 554 704 787 202 710 195 270 786 502 742 326 295 724 258 190 885 617 
477 637 229 642 183 264 168 383 269 31 205 54 228 270 450 280 434 206 377 375 339 786 283 520 610 634 497 368 169 357 134 550 714 385 348 434 319 296 356 578 149 518 674 357 161 326 -1 614 351 52 353 412 654 621 327 143 459 510 503 448 407 279 200 435 213 134 554 440 133 533 351 553 456 615 444 617 573 384 456 351 317 584 657 490 442 488 124 497 217 225 600 222 699 120 465 501 418 412 629 294 
230 119 801 182 640 572 478 240 483 584 521 632 475 688 445 356 643 680 587 623 392 240 498 208 149 306 169 246 517 800 567 513 230 398 350 421 309 319 526 44 483 106 87 721 490 708 614 -1 653 598 848 201 589 323 439 729 166 104 420 309 348 722 719 764 731 749 98 216 534 599 640 563 228 44 523 119 467 851 161 263 498 349 78 154 980 537 643 266 767 456 214 464 125 497 503 294 502 583 433 610 
430 609 549 767 173 106 442 511 562 356 190 406 515 621 251 336 765 171 700 46 585 883 162 672 567 817 623 448 475 707 466 292 839 636 568 693 375 396 663 609 292 547 737 73 264 676 351 653 -1 398 240 497 365 476 213 472 561 568 754 653 310 631 548 785 216 405 644 437 248 224 690 266 614 677 186 717 343 222 506 462 615 426 656 602 377 215 476 413 553 498 521 233 773 378 752 396 710 731 421 63 
480 631 215 612 233 306 131 362 221 43 239 33 183 223 476 282 382 259 324 418 297 759 315 489 607 596 470 357 121 317 82 580 683 341 310 388 317 288 305 565 162 507 653 407 182 278 52 598 398 -1 405 397 686 633 351 134 438 494 457 410 422 235 166 387 266 157 531 438 165 570 299 586 426 595 477 591 598 436 445 334 266 599 647 466 490 522 81 505 194 183 603 244 676 102 415 511 368 360 650 338 
642 824 457 931 215 280 507 662 620 376 328 393 576 597 488 497 783 174 729 286 677 1062 355 820 784 953 781 615 520 650 487 531 1005 727 675 780 544 548 710 805 394 741 925 171 375 653 353 848 240 405 -1 666 595 712 421 406 727 752 847 772 526 593 499 759 141 318 819 634 336 453 697 500 757 864 426 890 583 43 689 616 669 662 864 765 138 454 458 634 479 568 745 385 958 445 817 621 771 765 661 251 
169 246 603 270 453 402 281 58 310 382 338 431 291 507 345 168 503 493 438 477 237 396 334 183 235 331 127 50 324 621 371 444 343 265 194 309 123 121 377 168 286 114 265 557 296 534 412 201 497 397 666 -1 543 341 289 529 64 97 340 213 234 538 525 606 541 547 153 112 340 505 479 483 138 204 410 224 418 674 54 62 338 336 252 105 793 438 446 218 572 268 260 281 295 296 394 243 376 445 420 444 
384 489 878 760 513 400 665 590 767 644 448 706 725 897 220 467 986 526 916 321 742 825 370 717 447 859 657 517 713 1002 728 108 818 785 707 837 473 516 863 552 530 515 674 425 506 946 654 589 365 686 595 543 -1 277 340 794 595 556 879 754 319 917 852 1047 578 746 636 433 521 142 930 103 681 630 210 697 126 567 514 551 815 241 548 629 724 166 767 336 871 702 380 444 712 620 916 307 887 936 164 391 
175 214 847 502 551 444 561 398 630 599 440 662 599 805 225 354 838 581 771 433 574 551 376 485 175 615 426 338 611 919 644 230 553 606 532 650 332 374 711 291 473 271 404 550 460 844 621 323 476 633 712 341 277 -1 312 763 373 316 676 549 214 832 792 929 639 744 387 233 495 330 803 282 465 366 296 438 171 699 295 376 668 51 273 399 851 286 705 133 827 575 109 403 440 540 735 121 716 782 113 462 
221 403 556 556 240 141 326 312 433 311 130 375 389 557 124 146 652 272 582 188 425 670 66 470 363 617 416 243 373 663 388 232 628 473 398 529 174 207 533 395 191 334 523 281 169 606 327 439 213 351 421 289 340 312 -1 470 353 355 582 468 106 578 518 707 330 439 432 223 194 247 592 248 416 463 145 504 247 417 293 264 484 268 446 394 558 186 431 214 543 367 326 106 559 279 600 204 565 605 303 172 
613 765 85 729 298 398 252 490 304 163 347 101 281 196 594 415 397 307 357 502 397 877 425 605 741 698 593 490 223 246 170 692 798 434 420 471 451 422 361 697 290 640 779 461 304 250 143 729 472 134 406 529 794 763 470 -1 566 625 538 516 550 188 93 354 288 89 658 572 277 669 309 692 545 723 584 714 717 445 577 466 336 727 779 592 454 628 95 637 81 291 736 366 801 236 476 642 429 395 773 421 
213 240 637 206 513 466 314 76 319 428 400 472 309 523 404 231 494 553 433 541 233 336 399 123 241 270 64 113 352 635 402 499 280 248 189 283 186 179 371 144 341 112 214 621 354 544 459 166 561 438 727 64 595 373 353 566 -1 73 302 176 293 556 553 607 600 592 95 162 397 565 481 541 91 157 472 163 468 736 81 112 338 377 230 40 852 498 479 262 602 290 280 343 240 339 369 289 358 434 462 508 
174 166 699 209 542 481 376 139 390 480 424 528 378 593 383 256 567 582 506 543 306 315 409 168 170 303 111 143 417 706 465 467 276 321 262 354 209 216 445 73 381 45 173 633 389 616 510 104 568 494 752 97 556 316 355 625 73 -1 367 244 276 626 619 680 632 644 82 137 433 543 554 513 158 111 457 151 430 758 62 159 411 327 159 84 882 477 541 220 666 357 216 367 206 393 439 249 430 507 413 521 
509 526 575 293 641 647 339 288 237 475 565 481 274 395 670 435 257 679 227 749 171 423 602 211 537 192 258 361 335 479 380 776 332 120 186 68 413 375 188 422 468 412 407 796 494 384 503 420 754 457 847 340 879 676 582 538 302 367 -1 127 561 428 477 394 705 603 322 452 522 823 295 810 211 384 723 323 755 870 381 328 201 676 498 283 945 758 444 558 531 279 582 521 404 402 98 583 125 203 760 692 
381 408 569 225 560 549 280 163 217 418 469 440 234 415 548 323 335 599 284 644 118 372 495 110 415 185 140 237 294 517 346 652 286 98 100 112 295 261 226 304 380 287 314 701 403 421 448 309 653 410 772 213 754 549 468 516 176 244 127 -1 438 450 475 462 634 566 211 325 438 704 343 688 86 279 605 233 629 791 253 206 210 548 385 162 882 638 420 430 529 227 457 419 321 333 195 456 193 275 632 593 
120 300 635 485 344 247 365 274 455 386 228 450 416 609 111 156 672 378 603 276 423 585 173 416 258 563 358 200 415 720 442 214 553 465 387 518 154 198 547 304 260 247 435 381 246 651 407 348 310 422 526 234 319 214 106 550 293 276 561 438 -1 633 585 745 435 529 358 139 280 271 624 250 371 377 180 428 201 521 220 233 500 177 346 332 664 205 497 107 616 392 220 188 472 334 596 99 568 620 233 276 
665 785 171 675 461 542 271 487 240 279 473 224 248 34 702 479 227 478 209 653 337 822 548 556 771 612 563 514 222 86 191 810 735 353 375 370 500 461 240 699 386 653 753 632 411 65 279 722 631 235 593 538 917 832 578 188 556 626 428 450 633 -1 95 166 468 277 635 613 400 805 145 819 506 705 710 676 822 631 593 481 240 806 786 570 640 755 155 699 130 270 782 472 766 300 345 712 304 245 866 573 
633 769 97 697 376 465 244 479 258 207 403 146 248 106 643 438 310 390 278 574 357 845 481 574 750 650 570 493 202 159 154 747 762 385 387 414 467 431 292 692 328 639 760 544 348 157 200 719 548 166 499 525 852 792 518 93 553 619 477 475 585 95 -1 261 376 182 640 585 330 733 223 752 517 708 643 689 765 537 577 464 277 761 777 574 546 687 88 662 54 264 754 411 778 252 405 671 361 316 815 493 
755 846 326 678 619 691 382 549 299 429 616 383 330 165 828 589 138 640 177 804 374 816 687 572 841 587 595 594 334 135 323 938 726 366 417 357 599 556 237 750 520 714 777 792 547 109 435 764 785 387 759 606 1047 929 707 354 607 680 394 462 745 166 261 -1 633 443 669 699 545 945 127 954 536 739 846 695 943 797 661 557 268 909 836 610 805 890 312 795 290 355 864 605 782 428 297 812 274 192 978 725 
541 721 353 800 92 196 366 531 478 235 213 257 434 468 424 376 646 57 590 257 536 936 263 687 685 816 650 491 378 533 347 493 875 585 535 638 422 421 569 690 260 626 805 181 245 524 213 731 216 266 141 541 578 639 330 288 600 632 705 634 435 468 376 633 -1 207 694 525 203 438 562 475 623 743 380 763 536 170 570 488 528 592 756 637 252 418 324 542 366 427 654 268 836 303 676 534 629 626 609 189 
608 771 146 770 235 345 289 516 366 164 309 126 334 285 557 412 482 235 438 440 451 916 385 647 743 751 627 503 273 332 223 649 841 492 467 535 453 431 435 713 279 653 807 386 285 338 134 749 405 157 318 547 746 744 439 89 592 644 603 566 529 277 182 443 207 -1 686 573 248 614 394 642 584 748 537 748 679 358 591 485 405 704 792 622 367 580 163 625 161 339 730 341 831 252 549 626 502 476 742 360 
255 207 726 127 606 554 405 170 395 523 491 565 392 601 465 321 546 646 491 621 300 243 483 110 225 227 73 203 439 710 491 549 196 302 260 323 275 272 431 103 436 121 121 707 448 617 554 98 644 531 819 153 636 387 432 658 95 82 322 211 358 635 640 669 694 686 -1 219 491 625 546 595 132 70 538 72 510 827 139 207 405 403 176 66 946 560 568 301 690 375 282 434 145 434 405 329 405 486 490 594 
58 199 652 346 433 357 343 167 400 413 311 470 372 584 246 160 605 471 538 408 341 449 282 284 170 430 225 105 391 699 431 337 414 374 299 420 121 154 478 172 295 110 300 504 294 618 440 216 437 438 634 112 433 233 223 572 162 137 452 325 139 613 585 699 525 573 219 -1 337 407 572 380 248 241 319 289 307 636 83 143 436 224 231 198 769 341 500 105 626 348 169 256 336 337 504 130 483 548 307 393 
365 537 362 597 121 146 195 328 316 122 73 184 268 385 317 179 517 161 452 260 351 734 150 484 505 617 447 290 227 483 221 417 671 402 343 458 225 219 415 494 58 431 605 276 43 438 133 534 248 165 336 340 521 495 194 277 397 433 522 438 280 400 330 545 203 248 491 337 -1 404 444 421 421 543 312 561 439 353 373 285 369 456 566 434 455 356 246 378 351 253 486 92 635 130 509 378 466 483 497 185 
371 519 751 752 379 271 569 542 680 527 331 587 635 789 160 391 897 388 828 180 671 840 257 687 474 835 629 469 613 887 621 101 817 718 642 774 410 448 780 557 424 507 687 283 397 840 533 599 224 570 453 505 142 330 247 669 565 543 823 704 271 805 733 945 438 614 625 407 404 -1 834 52 642 634 102 693 162 427 490 497 731 282 575 603 584 66 651 332 748 613 413 340 725 516 847 305 813 853 239 254 
629 720 313 565 532 590 265 422 172 338 512 305 207 119 710 467 87 558 67 704 248 706 578 453 714 485 472 467 220 184 224 821 617 245 291 246 475 431 117 624 411 588 657 706 440 90 351 640 690 299 697 479 930 803 592 309 481 554 295 343 624 145 223 127 562 394 546 572 444 834 -1 840 413 616 734 576 823 731 534 430 142 785 711 485 761 777 239 670 270 231 737 494 665 319 204 687 169 100 855 628 
339 477 776 722 410 297 574 525 681 544 348 606 637 801 140 385 899 423 830 220 664 803 271 664 432 810 605 451 620 903 632 52 785 709 632 764 398 439 779 521 434 475 650 329 408 851 553 563 266 586 500 483 103 282 248 692 541 513 810 688 250 819 752 954 475 642 595 380 421 52 840 -1 621 599 109 661 111 475 463 482 730 234 534 578 632 64 668 297 770 614 369 348 688 525 840 269 807 852 187 288 
302 322 607 185 542 513 295 103 266 425 439 459 269 472 482 278 415 582 359 599 169 332 452 64 328 202 58 173 322 579 375 582 257 170 131 196 241 217 299 219 362 201 247 668 381 485 456 228 614 426 757 138 681 465 416 545 91 158 211 86 371 506 517 536 623 584 132 248 421 642 413 621 -1 202 545 172 555 771 171 152 273 468 302 76 875 575 452 351 569 255 371 385 261 336 281 378 275 355 553 557 
263 163 793 137 654 592 471 233 465 584 536 629 462 671 478 368 615 694 561 650 371 208 519 173 193 262 144 253 507 781 558 551 187 372 331 390 321 325 501 78 490 130 61 743 500 687 615 44 677 595 864 204 630 366 463 723 157 111 384 279 377 705 708 739 743 748 70 241 543 634 616 599 202 -1 555 75 506 869 174 264 476 390 119 135 994 571 635 302 758 443 257 478 95 496 470 330 473 554 475 631 
292 456 668 666 308 193 469 444 578 435 239 497 534 693 79 289 796 325 727 140 569 762 162 593 412 741 536 371 514 794 524 113 733 616 540 672 310 347 678 479 326 425 610 257 300 743 444 523 186 477 426 410 210 296 145 584 472 457 723 605 180 710 643 846 380 537 538 319 312 102 734 109 545 555 -1 608 158 408 400 398 629 245 509 511 563 44 559 260 661 512 357 241 648 418 745 237 710 751 235 190 
321 239 779 63 676 626 462 234 437 585 562 624 441 642 533 393 565 717 517 693 339 172 556 123 267 188 121 275 493 748 545 614 125 330 303 339 347 342 459 147 504 185 83 780 518 653 617 119 717 591 890 224 697 438 504 714 163 151 323 233 428 676 689 695 763 748 72 289 561 693 576 661 172 75 608 -1 572 898 211 275 440 459 193 127 1016 628 622 364 741 426 330 505 89 496 415 393 423 506 545 667 
257 373 802 635 458 343 561 466 656 559 371 622 616 800 122 356 874 480 804 297 623 705 293 590 329 733 530 394 610 908 631 61 694 664 587 716 356 399 749 428 437 389 553 413 416 846 573 467 343 598 583 418 126 171 247 717 468 430 755 629 201 822 765 943 536 679 510 307 439 162 823 111 555 506 158 572 -1 563 388 429 702 125 431 502 719 130 678 209 790 592 264 353 591 522 796 181 769 822 80 347 
639 821 499 941 231 278 532 674 647 404 336 426 602 634 474 505 816 192 760 267 700 1070 354 834 780 970 792 623 548 690 518 509 1016 750 695 804 551 559 739 807 411 744 930 150 390 690 384 851 222 436 43 674 567 699 417 445 736 758 870 791 521 631 537 797 170 358 827 636 353 427 731 475 771 869 408 898 563 -1 695 627 697 648 863 775 157 433 493 628 520 593 738 393 964 468 845 613 799 796 642 245 
131 192 654 266 480 418 333 111 364 427 361 478 345 561 329 194 556 520 492 481 290 377 346 202 180 347 142 88 377 675 423 420 336 315 247 356 148 160 430 122 322 62 235 571 329 589 456 161 506 445 689 54 514 295 293 577 81 62 381 253 220 593 577 661 570 591 139 83 373 490 534 463 171 174 400 211 388 695 -1 113 392 296 202 115 820 424 497 180 623 322 208 304 269 342 441 208 426 497 381 458 
200 305 541 314 402 363 219 48 258 320 292 368 234 450 341 126 462 442 395 447 199 448 300 210 290 354 164 37 263 564 309 447 388 236 159 286 89 68 335 230 229 175 324 518 242 480 351 263 462 334 616 62 551 376 264 466 112 159 328 206 233 481 464 557 488 485 207 143 285 497 430 482 152 264 398 275 429 627 113 -1 292 364 314 149 740 431 384 245 510 211 306 236 352 233 367 267 343 406 443 406 
493 577 374 435 477 510 174 280 53 293 427 287 100 206 595 347 172 510 103 621 106 581 483 318 572 374 332 330 149 308 185 706 494 112 149 136 347 303 48 482 324 446 519 644 352 212 317 498 615 266 669 338 815 668 484 336 338 411 201 210 500 240 277 268 528 405 405 436 369 731 142 730 273 476 629 440 702 697 392 292 -1 653 568 344 757 670 243 536 331 119 597 397 530 239 148 555 101 121 727 552 
167 249 812 523 505 396 535 392 613 564 398 627 579 780 174 326 825 534 756 382 563 583 330 493 206 630 434 326 585 892 616 182 578 598 523 645 310 353 697 313 437 282 433 499 423 820 584 349 426 599 662 336 241 51 268 727 377 327 676 548 177 806 761 909 592 704 403 224 456 282 785 234 468 390 245 459 125 648 296 364 653 -1 307 406 801 235 673 119 794 554 139 364 470 509 729 97 707 769 86 413 
225 58 855 253 664 585 533 299 550 628 542 680 538 753 429 386 718 702 660 622 462 278 509 286 101 381 245 290 575 866 623 483 289 472 420 497 341 361 599 86 519 139 136 726 522 775 657 78 656 647 864 252 548 273 446 779 230 159 498 385 346 786 777 836 756 792 176 231 566 575 711 534 302 119 509 193 431 863 202 314 568 307 -1 226 999 517 698 249 824 517 167 488 170 545 580 272 578 657 386 619 
245 246 660 166 551 507 339 107 331 459 439 500 327 537 442 270 491 591 434 582 238 300 439 87 254 232 27 153 373 647 425 535 240 245 197 273 227 217 372 143 377 129 187 662 392 554 490 154 602 466 765 105 629 399 394 592 40 84 283 162 332 570 574 610 637 622 66 198 434 603 485 578 76 135 511 127 502 775 115 149 344 406 226 -1 889 537 502 294 624 309 300 383 209 369 357 322 352 431 492 549 
778 960 483 1053 340 417 607 784 711 470 459 470 671 651 626 626 849 300 802 422 779 1189 492 939 921 1066 903 742 611 683 571 666 1127 827 783 877 672 673 793 937 513 874 1055 306 497 704 442 980 377 490 138 793 724 851 558 454 852 882 945 882 664 640 546 805 252 367 946 769 455 584 761 632 875 994 563 1016 719 157 820 740 757 801 999 889 -1 589 526 772 514 667 884 515 1087 549 905 759 858 840 798 390 
308 462 712 687 349 235 512 476 620 479 283 541 576 737 94 327 838 364 769 169 607 777 206 621 417 768 563 402 557 839 568 76 753 654 577 709 344 383 719 494 370 443 625 283 344 787 488 537 215 522 454 438 166 286 186 628 498 477 758 638 205 755 687 890 418 580 560 341 356 66 777 64 575 571 44 628 130 433 424 431 670 235 517 537 589 -1 603 270 705 553 358 284 663 461 783 245 750 792 210 229 
546 687 158 635 307 386 165 403 209 124 320 70 185 147 556 351 325 327 276 498 302 784 397 511 666 602 502 411 129 236 77 661 703 338 325 376 380 346 271 613 240 559 690 480 262 202 124 643 476 81 458 446 767 705 431 95 479 541 444 420 497 155 88 312 324 163 568 500 246 651 239 668 452 635 559 622 678 493 497 384 243 673 698 502 526 603 -1 574 126 197 668 324 710 165 386 583 339 314 727 417 
49 198 720 426 451 355 427 272 497 473 332 535 466 672 180 223 707 485 639 376 445 507 280 382 154 523 322 207 477 786 512 249 488 479 404 526 198 240 580 225 348 180 354 485 339 710 497 266 413 505 634 218 336 133 214 637 262 220 558 430 107 699 662 795 542 625 301 105 378 332 670 297 351 302 260 364 209 628 180 245 536 119 249 294 772 270 574 -1 698 441 112 287 392 409 610 28 588 651 201 383 
671 813 43 750 379 477 290 527 311 231 423 167 299 151 667 475 355 388 328 582 410 898 501 626 793 704 622 537 250 170 200 768 815 439 439 468 506 473 345 739 357 685 811 542 374 195 217 767 553 194 479 572 871 827 543 81 602 666 531 529 616 130 54 290 366 161 690 626 351 748 270 770 569 758 661 741 790 520 623 510 331 794 824 624 514 705 126 698 -1 315 793 437 830 290 458 706 414 366 844 501 
402 514 352 438 367 392 60 217 67 197 309 212 24 239 481 236 285 402 215 502 113 586 364 314 501 412 306 245 67 353 120 593 507 160 129 211 244 201 167 430 205 382 496 530 234 270 225 456 498 183 568 268 702 575 367 291 290 357 279 227 392 270 264 355 427 339 375 348 253 613 231 614 255 443 512 426 592 593 322 211 119 554 517 309 667 553 197 441 315 -1 516 278 514 125 256 457 213 239 623 434 
122 109 818 394 563 467 512 318 565 575 444 634 540 753 278 320 763 597 698 482 497 444 393 383 66 509 327 270 561 868 600 317 444 523 454 563 287 323 637 183 451 170 295 594 446 786 600 214 521 603 745 260 380 109 326 736 280 216 582 457 220 782 754 864 654 730 282 169 486 413 737 369 371 257 357 330 264 738 208 306 597 139 167 300 884 358 668 112 793 516 -1 396 332 503 648 125 634 705 220 494 
278 454 451 549 176 129 230 284 345 205 57 269 298 453 231 112 559 216 491 229 354 677 86 446 420 587 400 230 273 557 284 337 623 405 335 462 158 168 445 422 85 358 540 283 62 502 222 464 233 244 385 281 444 403 106 366 343 367 521 419 188 472 411 605 268 341 434 256 92 340 494 348 385 478 241 505 353 393 304 236 397 364 488 383 515 284 324 287 437 278 396 -1 573 176 525 286 486 517 407 173 
355 227 867 113 747 688 548 315 527 668 630 709 530 732 570 461 651 787 605 745 428 114 615 212 266 243 208 345 580 838 633 638 122 419 392 425 414 416 548 168 580 225 37 839 591 742 699 125 773 676 958 295 712 440 559 801 240 206 404 321 472 766 778 782 836 831 145 336 635 725 665 688 261 95 648 89 591 964 269 352 530 470 170 209 1087 663 710 392 830 514 332 573 -1 579 498 419 509 592 553 727 
381 529 315 521 241 274 65 263 186 89 193 135 138 278 402 185 389 277 322 387 232 666 259 400 505 518 376 254 99 387 109 511 594 282 233 335 216 186 285 463 92 405 554 405 120 326 120 497 378 102 445 296 620 540 279 236 339 393 402 333 334 300 252 428 303 252 434 337 130 516 319 525 336 496 418 496 522 468 342 233 239 509 545 369 549 461 165 409 290 125 503 176 579 -1 381 418 337 353 566 314 
562 603 502 389 622 645 315 337 197 441 562 434 243 314 700 456 159 656 137 754 175 521 610 297 609 290 336 404 297 388 333 810 430 131 209 85 443 401 115 500 460 481 498 786 488 295 465 503 752 415 817 394 916 735 600 476 369 439 98 195 596 345 405 297 676 549 405 504 509 847 204 840 281 470 745 415 796 845 441 367 148 729 580 357 905 783 386 610 458 256 648 525 498 381 -1 633 47 107 810 689 
76 219 726 455 444 344 440 296 515 479 328 541 482 685 157 233 727 477 659 358 466 534 271 410 175 551 350 229 490 798 523 221 516 502 426 550 213 256 600 252 352 208 381 469 341 724 501 294 396 511 621 243 307 121 204 642 289 249 583 456 99 712 671 812 534 626 329 130 378 305 687 269 378 330 237 393 181 613 208 267 555 97 272 322 759 245 583 28 706 457 125 286 419 418 633 -1 610 672 176 369 
542 597 457 403 577 604 271 318 152 394 521 387 198 272 669 422 142 611 102 714 145 541 571 301 599 316 333 380 251 353 286 780 451 110 184 83 413 370 68 495 418 470 506 742 446 258 418 502 710 368 771 376 887 716 565 429 358 430 125 193 568 304 361 274 629 502 405 483 466 813 169 807 275 473 710 423 769 799 426 343 101 707 578 352 858 750 339 588 414 213 634 486 509 337 47 610 -1 83 786 647 
606 674 409 487 585 627 290 386 172 393 545 373 218 216 716 469 60 615 38 739 207 624 603 384 673 396 413 443 256 281 278 828 534 185 250 167 466 422 73 573 441 545 589 755 470 190 412 583 731 360 765 445 936 782 605 395 434 507 203 275 620 245 316 192 626 476 486 548 483 853 100 852 355 554 751 506 822 796 497 406 121 769 657 431 840 792 314 651 366 239 705 517 592 353 107 672 83 -1 845 667 
250 328 859 609 528 414 599 473 684 612 432 676 648 842 186 389 899 552 831 375 641 664 357 580 287 717 520 405 649 953 675 139 663 678 602 727 380 424 773 398 487 369 516 492 469 885 629 433 421 650 661 420 164 113 303 773 462 413 760 632 233 866 815 978 609 742 490 307 497 239 855 187 553 475 235 545 80 642 381 443 727 86 386 492 798 210 727 201 844 623 220 407 553 566 810 176 786 845 -1 422 
394 576 500 714 125 44 378 455 499 296 126 349 451 562 240 280 702 135 637 81 523 836 111 616 535 759 568 395 412 651 405 304 788 574 506 630 321 339 599 566 229 503 692 113 200 617 294 610 63 338 251 444 391 462 172 421 508 521 692 593 276 573 493 725 189 360 594 393 185 254 628 288 557 631 190 667 347 245 458 406 552 413 619 549 390 229 417 383 501 434 494 173 727 314 689 369 647 667 422 -1 
