100
-1 334 575 176 301 94 441 246 178 348 234 159 454 231 407 239 422 518 193 174 182 583 580 664 279 444 286 658 545 276 498 241 202 203 335 185 196 256 225 395 382 469 583 335 333 530 291 463 405 474 208 535 469 343 99 453 641 561 85 622 426 77 146 372 408 96 191 520 333 268 342 470 555 570 322 292 374 132 185 301 502 479 335 214 374 334 138 661 727 267 382 314 223 856 147 171 286 449 548 95 
334 -1 358 189 203 344 372 356 162 300 437 365 249 215 277 121 142 275 387 160 344 333 436 419 460 276 293 442 354 582 196 475 523 480 160 478 454 85 379 67 535 135 261 542 247 417 213 343 71 308 295 485 429 63 420 129 314 638 283 407 312 298 237 261 400 366 152 232 451 121 656 378 397 352 349 44 128 435 209 519 616 241 145 275 370 508 428 461 418 243 177 144 238 563 480 283 423 198 220 427 
575 358 -1 511 273 632 221 412 469 262 757 676 583 561 178 359 218 85 706 435 457 65 131 96 790 134 323 734 676 716 202 786 775 769 246 623 573 421 710 372 877 326 250 867 606 165 570 693 331 648 397 840 787 417 617 388 294 995 571 49 178 503 552 212 295 543 405 163 440 325 790 190 729 658 331 389 236 607 389 572 969 117 502 615 728 844 707 102 588 316 202 270 357 737 687 609 762 160 280 664 
176 189 511 -1 268 158 447 325 44 353 251 176 279 74 377 155 314 437 200 88 280 500 556 587 279 397 311 487 375 451 380 287 341 291 269 355 351 104 198 237 366 319 451 359 174 519 127 307 258 307 263 410 344 177 275 291 503 503 103 561 407 181 48 347 443 247 118 412 428 189 519 466 393 397 365 145 278 303 179 443 464 398 158 108 258 332 241 610 553 268 309 244 234 679 321 99 251 359 409 258 
301 203 273 268 -1 364 182 182 224 98 497 414 447 334 111 117 172 224 446 181 202 288 290 364 533 142 98 645 554 467 245 521 501 498 60 367 324 211 457 261 629 287 340 607 410 251 365 528 238 502 140 657 595 262 347 315 404 771 305 320 139 230 299 79 198 274 150 250 261 91 543 199 593 555 149 202 122 342 116 357 732 187 328 376 518 589 435 361 600 57 97 62 87 750 417 359 515 168 326 390 
94 344 632 158 364 -1 520 337 182 425 142 65 408 183 475 277 457 567 98 201 275 632 652 716 186 506 366 603 488 341 528 157 184 139 387 265 286 260 131 396 289 477 605 248 274 606 240 396 415 417 293 452 387 336 173 449 659 466 62 681 497 163 111 440 493 190 228 556 427 310 398 547 490 519 408 300 413 212 249 392 408 527 304 145 292 242 83 724 703 340 432 363 297 822 189 101 191 493 564 120 
441 372 221 447 182 520 -1 221 403 95 660 577 621 515 100 300 284 235 610 358 280 273 152 314 700 131 155 810 726 518 328 677 625 644 211 435 381 394 627 420 799 418 413 768 592 94 547 708 388 679 234 840 778 435 452 464 473 949 468 247 67 364 474 111 73 380 328 309 223 273 588 36 769 722 131 380 256 432 276 360 907 222 507 554 700 757 579 261 727 182 206 230 224 879 521 533 687 240 421 515 
246 356 412 325 182 337 221 -1 291 150 480 401 575 400 235 238 355 387 435 248 65 445 373 509 523 282 92 783 680 304 427 487 410 444 243 214 162 326 462 422 627 463 522 581 497 316 449 628 408 618 64 735 669 403 235 481 586 798 301 451 236 174 331 204 170 167 229 429 103 236 377 256 708 690 89 337 304 211 157 175 744 355 446 417 579 580 380 476 771 125 277 238 118 919 301 383 524 346 508 304 
178 162 469 44 224 182 403 291 -1 310 290 211 295 114 333 111 277 397 238 46 251 461 512 547 320 354 270 505 396 444 346 323 361 320 225 344 334 79 240 218 409 296 422 399 207 475 159 337 233 331 228 448 383 164 272 276 476 547 121 519 363 164 83 303 401 233 75 376 394 145 515 422 420 413 325 118 238 295 140 420 508 357 168 152 299 374 266 567 550 226 267 201 193 683 325 140 294 319 382 268 
348 300 262 353 98 425 95 150 310 -1 565 481 546 424 86 212 243 243 515 265 199 297 233 358 604 134 65 742 652 454 304 582 537 551 144 363 312 308 532 356 703 371 398 673 505 182 459 625 329 600 145 752 689 360 368 406 461 855 372 301 86 271 379 61 100 294 235 297 193 188 528 122 691 652 74 300 201 352 180 314 812 216 426 460 609 661 486 328 684 87 159 156 128 836 437 437 592 217 394 425 
234 437 757 251 497 142 660 480 290 565 -1 83 419 230 609 398 566 687 51 322 417 751 787 837 45 636 508 585 473 433 631 47 202 101 512 380 412 354 65 474 149 559 697 110 279 744 267 365 502 405 436 372 316 410 291 518 745 335 192 807 633 306 206 575 636 326 352 664 567 432 474 686 458 513 551 394 529 332 386 519 271 647 352 169 232 100 124 853 733 478 555 487 436 832 277 153 79 610 652 217 
159 365 676 176 414 65 577 401 211 481 83 -1 386 172 525 317 489 607 34 240 339 671 704 757 123 553 425 571 456 393 556 111 199 121 430 325 349 280 68 408 225 492 626 193 246 660 222 356 433 385 354 396 333 345 233 456 677 401 109 725 550 226 128 492 554 255 270 587 492 351 444 603 451 491 469 321 449 274 302 455 343 567 298 118 240 180 95 771 692 395 474 405 353 802 238 86 126 530 583 169 
454 249 583 279 447 408 621 575 295 546 419 386 -1 226 526 343 368 497 388 331 544 542 677 622 417 521 530 209 106 730 386 467 585 504 409 634 629 248 355 212 446 264 398 493 141 663 167 122 252 65 511 271 235 186 554 200 418 475 372 628 561 458 309 510 645 526 345 428 676 358 796 627 149 118 587 246 373 583 418 716 480 470 129 268 228 444 478 684 315 479 423 392 462 416 592 308 363 428 347 525 
231 215 561 74 334 183 515 400 114 424 230 172 226 -1 440 217 353 483 185 160 354 544 617 630 247 456 385 427 313 507 411 273 364 294 326 415 417 139 167 244 320 329 469 330 103 584 60 236 274 243 338 335 270 180 330 287 515 439 146 611 471 251 85 412 515 312 188 446 502 249 571 533 325 340 439 175 325 363 253 513 407 445 125 62 185 294 258 662 522 340 362 302 307 638 366 87 208 404 423 298 
407 277 178 377 111 475 100 235 333 86 609 525 526 440 -1 223 184 157 558 292 278 210 179 274 645 47 145 711 630 539 232 632 604 607 119 445 395 310 568 322 740 318 322 719 508 143 465 618 288 585 220 754 694 341 441 364 384 879 417 220 35 333 411 35 154 367 260 218 277 191 613 100 675 624 160 290 157 429 225 401 842 133 417 485 622 701 543 254 627 141 106 141 184 780 511 470 626 143 325 492 
239 121 359 155 117 277 300 238 111 212 398 317 343 217 223 -1 183 290 346 76 223 355 400 440 431 242 187 547 449 466 258 428 440 416 114 362 334 97 351 188 521 245 345 508 292 366 247 414 183 392 176 540 478 165 313 249 405 655 215 409 254 188 193 195 309 252 49 281 336 34 542 316 484 455 244 99 136 323 88 398 620 250 217 262 400 485 356 456 539 136 157 89 121 684 378 251 406 215 314 334 
422 142 218 314 172 457 284 355 277 243 566 489 368 353 184 183 -1 134 515 255 369 191 310 278 593 162 269 536 466 631 77 600 623 595 112 527 490 214 512 156 673 134 170 674 388 303 355 475 116 432 308 621 568 198 491 185 233 780 394 266 217 366 360 185 333 425 232 99 429 155 707 278 516 454 312 178 52 495 252 530 757 102 284 411 512 644 538 321 444 229 84 120 250 596 558 413 559 59 153 517 
518 275 85 437 224 567 235 387 397 243 687 607 497 483 157 290 134 -1 635 367 421 65 198 149 717 110 295 651 591 687 120 718 720 706 182 588 543 343 636 286 801 242 185 796 522 211 489 608 246 562 360 755 702 332 571 303 240 914 505 132 174 451 480 183 303 499 338 85 434 257 762 213 644 574 317 309 159 566 334 557 889 39 418 539 646 770 645 187 518 275 135 204 311 669 641 536 687 78 206 610 
193 387 706 200 446 98 610 435 238 515 51 34 388 185 558 346 515 635 -1 270 373 699 736 785 89 585 459 565 451 417 581 88 207 116 460 353 380 304 43 427 191 511 648 161 247 693 228 347 453 381 389 375 314 363 262 473 697 368 142 755 583 261 155 524 588 288 300 613 526 380 464 636 442 488 504 344 477 303 335 486 309 596 310 126 223 146 109 802 698 428 503 435 386 803 260 104 95 558 604 194 
174 160 435 88 181 201 358 248 46 265 322 240 331 160 292 76 255 367 270 -1 213 432 471 516 356 315 224 540 434 425 329 351 369 340 189 322 305 92 277 224 448 295 410 432 251 432 203 381 231 370 184 494 429 180 260 285 468 591 139 485 320 140 119 260 355 210 31 355 351 110 498 379 460 448 279 121 211 277 94 385 551 327 201 195 345 411 282 531 568 180 233 165 147 705 319 178 334 291 374 268 
182 344 457 280 202 275 280 65 251 199 417 339 544 354 278 223 369 421 373 213 -1 483 430 552 461 323 134 754 647 265 444 422 347 378 259 167 122 300 402 412 564 463 539 517 455 374 408 588 404 582 62 686 620 383 172 473 603 739 242 498 285 114 279 244 233 102 202 452 154 230 341 314 671 662 150 318 316 152 135 175 683 387 415 364 528 517 315 527 763 146 300 248 119 907 240 327 464 371 519 239 
583 333 65 500 288 632 273 445 461 297 751 671 542 544 210 355 191 65 699 432 483 -1 196 86 780 163 353 682 631 747 155 782 786 771 248 650 603 404 699 335 863 279 188 860 578 227 546 656 295 607 422 805 755 386 635 343 230 971 570 91 220 516 544 240 345 563 404 113 484 322 822 245 685 610 370 369 222 629 399 612 949 105 472 601 702 832 710 147 527 337 201 270 375 674 705 599 749 141 222 675 
580 436 131 556 290 652 152 373 512 233 787 704 677 617 179 400 310 198 736 471 430 196 -1 196 824 161 298 844 776 670 318 809 771 782 290 588 533 482 748 465 919 435 378 897 677 60 637 779 426 740 379 921 863 498 601 493 425 1056 595 127 154 503 590 212 219 528 439 283 370 368 739 116 826 763 283 457 307 582 402 509 1020 212 581 663 795 880 717 118 715 313 260 314 356 865 670 649 805 251 403 659 
664 419 96 587 364 716 314 509 547 358 837 757 622 630 274 440 278 149 785 516 552 86 196 -1 867 229 419 752 707 813 236 868 866 855 330 719 670 491 786 419 950 357 246 946 663 245 632 738 379 688 493 887 839 472 710 422 271 1057 654 69 274 595 630 308 388 637 488 194 535 406 886 281 763 684 428 455 308 702 479 668 1035 189 557 687 788 919 793 98 577 410 284 353 450 719 781 686 836 227 289 755 
279 460 790 279 533 186 700 523 320 604 45 123 417 247 645 431 593 717 89 356 461 780 824 867 -1 671 549 570 461 476 656 71 238 137 545 425 458 379 81 492 103 577 717 82 279 782 275 350 522 396 478 341 289 428 336 532 762 290 231 839 671 349 237 612 678 372 386 689 612 465 514 725 441 503 593 418 558 378 424 564 225 678 363 185 213 56 168 887 732 517 587 520 476 825 321 180 55 639 671 262 
444 276 134 397 142 506 131 282 354 134 636 553 521 456 47 242 162 110 585 315 323 163 161 229 671 -1 191 698 623 585 197 662 643 641 129 490 442 320 593 311 763 295 282 746 516 142 475 619 274 582 264 759 701 339 483 347 343 895 446 178 65 371 434 79 194 409 284 178 324 208 660 118 670 613 208 295 148 473 259 449 861 91 420 505 633 726 578 218 598 182 98 154 223 751 553 493 648 111 290 531 
286 293 323 311 98 366 155 92 270 65 508 425 530 385 145 187 269 295 459 224 134 353 298 419 549 191 -1 733 636 393 338 523 472 489 158 300 250 284 479 356 649 385 434 615 473 246 426 599 336 579 80 718 654 348 302 412 498 808 317 364 151 208 331 112 131 229 198 338 162 173 468 185 671 641 57 284 220 286 132 265 761 263 405 414 570 606 424 393 698 51 188 160 77 848 372 388 540 255 422 361 
658 442 734 487 645 603 810 783 505 742 585 571 209 427 711 547 536 651 565 540 754 682 844 752 570 698 733 -1 115 934 531 632 770 680 600 841 838 456 525 389 566 409 507 633 329 840 367 220 423 186 719 290 303 384 758 351 501 520 574 773 746 668 512 700 842 734 554 570 883 559 998 811 131 92 789 449 554 789 626 926 556 631 338 458 357 580 666 829 255 682 605 586 668 274 792 502 514 593 462 723 
545 354 676 375 554 488 726 680 396 652 473 456 106 313 630 449 466 591 451 434 647 631 776 707 461 623 636 115 -1 820 476 521 656 567 515 728 727 354 413 311 468 351 472 529 213 765 253 112 350 71 616 224 215 292 644 288 480 451 460 719 666 557 398 615 752 623 450 517 782 465 883 731 59 47 693 353 475 676 523 817 474 566 233 343 251 476 551 776 302 585 526 498 568 366 677 387 406 526 422 608 
276 582 716 451 467 341 518 304 444 454 433 393 730 507 539 466 631 687 417 425 265 747 670 813 476 585 393 934 820 -1 707 410 252 344 523 104 143 516 459 648 569 711 801 492 608 610 567 734 649 749 327 790 726 605 176 709 864 763 360 755 539 285 422 506 453 215 429 717 308 483 76 554 828 846 389 546 578 149 382 176 691 652 609 483 632 519 310 778 993 412 565 510 382 1127 156 439 508 636 777 223 
498 196 202 380 245 528 328 427 346 304 631 556 386 411 232 258 77 120 581 329 444 155 318 236 656 197 338 531 476 707 -1 668 698 666 185 604 566 277 574 184 731 124 95 737 431 325 404 502 144 452 383 651 603 240 568 188 159 825 465 244 261 443 428 243 386 502 307 41 495 232 784 314 530 456 376 237 129 572 329 602 808 110 324 471 556 705 610 300 402 302 149 197 325 555 635 477 619 88 93 593 
241 475 786 287 521 157 677 487 323 582 47 111 467 273 632 428 600 718 88 351 422 782 809 868 71 662 523 632 521 410 668 -1 167 66 540 366 404 391 112 515 159 600 736 94 326 763 313 412 542 453 448 413 358 451 282 561 785 353 215 835 655 316 240 597 648 327 380 699 569 461 444 705 505 561 563 431 561 323 407 509 283 678 396 213 278 109 111 880 780 497 584 516 454 880 257 192 121 642 692 204 
202 523 775 341 501 184 625 410 361 537 202 199 585 364 604 440 623 720 207 369 347 786 771 866 238 643 472 770 656 252 698 167 -1 101 538 235 285 440 249 578 322 657 779 241 446 718 418 553 594 585 392 575 517 519 176 632 836 515 240 822 619 271 295 568 580 245 391 721 471 469 278 657 649 691 497 479 575 207 386 381 442 681 488 316 429 273 106 859 886 462 585 517 420 1000 119 277 282 651 742 112 
203 480 769 291 498 139 644 444 320 551 101 121 504 294 607 416 595 706 116 340 378 771 782 855 137 641 489 680 567 344 666 66 101 -1 524 306 347 395 154 527 225 610 741 151 363 733 342 461 549 497 411 474 417 465 225 577 794 419 201 817 628 280 242 572 609 279 367 695 520 449 377 673 556 605 524 435 552 265 382 450 347 666 420 238 332 175 64 860 813 469 570 501 425 920 193 207 181 632 700 147 
335 160 246 269 60 387 211 243 225 144 512 430 409 326 119 114 112 182 460 189 259 248 290 330 545 129 158 600 515 523 185 540 538 524 -1 420 381 192 466 212 635 228 281 622 389 262 348 499 184 467 197 635 576 223 392 262 345 765 325 295 153 270 307 100 243 322 159 195 321 80 599 218 557 512 206 171 61 392 153 418 732 143 298 375 505 599 463 342 542 117 46 24 140 693 462 365 520 116 265 428 
185 478 623 355 367 265 435 214 344 363 380 325 634 415 445 362 527 588 353 322 167 650 588 719 425 490 300 841 728 104 604 366 235 306 420 -1 56 414 393 544 525 607 697 457 518 529 475 648 544 658 228 717 651 503 92 605 760 715 271 664 449 182 330 411 377 112 325 616 246 379 180 471 740 752 304 443 475 53 278 146 649 553 511 399 556 474 257 691 891 313 464 407 280 1027 116 355 448 535 673 162 
196 454 573 351 324 286 381 162 334 312 412 349 629 417 395 334 490 543 380 305 122 603 533 670 458 442 250 838 727 143 566 404 285 347 381 56 -1 397 417 521 560 579 661 497 521 475 476 653 517 658 184 732 666 485 122 583 724 747 280 613 398 170 334 363 321 105 303 575 190 347 219 416 743 747 250 422 438 81 247 106 683 509 502 410 571 509 293 638 871 269 422 370 241 1011 166 367 475 493 639 199 
256 85 421 104 211 260 394 326 79 308 354 280 248 139 310 97 214 343 304 92 300 404 482 491 379 320 284 456 354 516 277 391 440 395 192 414 397 -1 297 138 459 217 346 460 198 453 155 317 155 296 262 446 385 88 348 197 399 576 200 471 343 232 152 285 406 301 98 310 428 120 589 407 387 364 341 40 185 368 169 474 547 305 121 196 313 429 343 523 476 233 224 168 213 613 404 200 345 264 305 347 
225 379 710 198 457 131 627 462 240 532 65 68 355 167 568 351 512 636 43 277 402 699 748 786 81 593 479 525 413 459 574 112 249 154 466 393 417 297 -1 412 171 497 637 163 214 707 202 306 442 343 412 332 270 348 301 454 683 336 162 759 595 288 158 536 610 322 308 608 556 385 507 651 401 451 526 336 477 342 351 523 283 597 287 105 180 133 152 807 668 445 507 441 404 769 302 100 61 558 591 236 
395 67 372 237 261 396 420 422 218 356 474 408 212 244 322 188 156 286 427 224 412 335 465 419 492 311 356 389 311 648 184 515 578 527 212 544 521 138 412 -1 558 84 226 574 248 454 226 321 40 276 362 469 419 64 484 61 270 642 337 418 357 363 285 311 455 432 219 224 516 186 722 421 360 303 410 102 165 501 277 587 628 257 141 306 373 537 479 474 351 306 216 200 304 496 542 323 449 216 178 486 
382 535 877 366 629 289 799 627 409 703 149 225 446 320 740 521 673 801 191 448 564 863 919 950 103 763 649 566 468 569 731 159 322 225 635 525 560 459 171 558 -1 641 784 87 322 879 333 355 592 411 580 302 265 495 438 590 825 193 332 927 767 452 329 708 779 475 479 767 716 555 600 823 435 513 695 496 643 479 523 666 123 763 420 262 220 50 268 977 758 616 676 610 575 834 417 270 115 723 736 362 
469 135 326 319 287 477 418 463 296 371 559 492 264 329 318 245 134 242 511 295 463 279 435 357 577 295 385 409 351 711 124 600 657 610 228 607 579 217 497 84 641 -1 143 659 327 434 308 383 64 330 408 533 488 149 554 64 185 717 417 368 351 430 367 317 465 497 284 165 548 232 786 412 406 332 434 178 169 566 331 634 707 222 222 391 450 621 560 424 313 339 214 225 348 465 615 407 534 186 94 562 
583 261 250 451 340 605 413 522 422 398 697 626 398 469 322 345 170 185 648 410 539 188 378 246 717 282 434 507 472 801 95 736 779 741 281 697 661 346 637 226 784 143 -1 799 470 397 452 519 195 463 478 669 628 290 658 202 64 860 543 278 348 532 499 336 476 593 391 104 590 321 877 395 530 444 471 305 223 663 420 698 851 191 366 531 594 763 688 331 339 397 245 291 420 487 723 544 676 181 51 678 
335 542 867 359 607 248 768 581 399 673 110 193 493 330 719 508 674 796 161 432 517 860 897 946 82 746 615 633 529 492 737 94 241 151 622 457 497 460 163 574 87 659 799 -1 358 853 357 416 604 467 541 383 339 510 375 614 845 276 301 917 743 409 315 685 741 421 462 771 664 542 518 795 503 572 656 499 638 415 495 601 201 757 445 268 277 53 205 964 808 587 665 597 544 894 344 260 130 719 753 297 
333 247 606 174 410 274 592 497 207 505 279 246 141 103 508 292 388 522 247 251 455 578 677 663 279 516 473 329 213 608 431 326 446 363 389 518 521 198 214 248 322 327 470 358 -1 652 48 132 286 142 435 247 186 191 432 270 506 394 248 654 541 354 188 484 600 416 275 471 601 319 670 605 222 245 529 220 373 465 346 617 380 488 106 130 124 312 340 708 454 425 418 367 398 556 463 173 227 445 420 394 
530 417 165 519 251 606 94 316 475 182 744 660 663 584 143 366 303 211 693 432 374 227 60 245 782 142 246 840 765 610 325 763 718 733 262 529 475 453 707 454 879 434 397 853 652 -1 609 760 417 724 326 897 838 480 546 488 450 1022 551 175 112 453 551 172 159 473 401 296 310 335 679 60 812 756 226 433 290 526 357 449 984 215 559 627 765 838 668 176 728 265 240 285 309 879 615 610 766 248 416 607 
291 213 570 127 365 240 547 449 159 459 267 222 167 60 465 247 355 489 228 203 408 546 637 632 275 475 426 367 253 567 404 313 418 342 348 475 476 155 202 226 333 308 452 357 48 609 -1 180 261 182 387 293 230 164 391 258 492 425 207 620 498 308 145 440 554 371 228 442 553 275 631 562 266 280 482 181 335 423 298 570 404 453 88 103 158 315 312 673 470 378 378 324 350 582 426 141 228 410 403 358 
463 343 693 307 528 396 708 628 337 625 365 356 122 236 618 414 475 608 347 381 588 656 779 738 350 619 599 220 112 734 502 412 553 461 499 648 653 317 306 321 355 383 519 416 132 760 180 -1 362 62 565 149 115 280 560 319 540 356 377 740 653 487 319 598 723 548 403 544 732 436 794 718 95 157 655 328 472 595 475 749 370 577 201 251 139 364 451 796 407 549 520 479 525 478 585 296 294 535 468 516 
405 71 331 258 238 415 388 408 233 329 502 433 252 274 288 183 116 246 453 231 404 295 426 379 522 274 336 423 350 649 144 542 594 549 184 544 517 155 442 40 592 64 195 604 286 417 261 362 -1 316 351 510 460 97 490 77 244 681 354 378 323 366 306 280 427 434 220 184 497 173 724 387 400 338 388 114 132 503 270 577 665 217 180 336 411 568 498 433 363 287 182 176 291 512 551 349 482 176 150 498 
474 308 648 307 502 417 679 618 331 600 405 385 65 243 585 392 432 562 381 370 582 607 740 688 396 582 579 186 71 749 452 453 585 497 467 658 658 296 343 276 411 330 463 467 142 724 182 62 316 -1 554 207 177 244 573 266 481 419 389 693 620 489 328 568 699 554 388 494 721 411 812 686 91 107 636 300 434 606 461 750 431 534 174 272 191 415 480 749 347 529 484 449 509 428 605 315 340 492 412 536 
208 295 397 263 140 293 234 64 228 145 436 354 511 338 220 176 308 360 389 184 62 422 379 493 478 264 80 719 616 327 383 448 392 411 197 228 184 262 412 362 580 408 478 541 435 326 387 565 351 554 -1 674 608 340 222 422 542 746 249 440 230 131 273 185 200 149 165 391 166 177 403 266 644 626 115 274 256 209 92 226 695 325 382 359 519 535 346 472 713 85 238 188 60 859 292 327 474 309 460 280 
535 485 840 410 657 452 840 735 448 752 372 396 271 335 754 540 621 755 375 494 686 805 921 887 341 759 718 290 224 790 651 413 575 474 635 717 732 446 332 469 302 533 669 383 247 897 293 149 510 207 674 -1 66 424 625 468 688 231 453 887 788 577 407 731 847 629 520 693 837 567 840 853 170 270 774 464 613 664 588 835 268 723 340 324 160 330 484 942 524 671 661 613 642 564 634 365 293 680 617 566 
469 429 787 344 595 387 778 669 383 689 316 333 235 270 694 478 568 702 314 429 620 755 863 839 289 701 654 303 215 726 603 358 517 417 576 651 666 385 270 419 265 488 628 339 186 838 230 115 460 177 608 66 -1 370 560 425 652 241 386 835 728 510 340 670 783 563 456 644 771 505 777 792 173 262 709 406 557 598 523 768 258 669 284 257 94 286 423 890 517 607 603 553 577 575 571 298 237 627 576 502 
343 63 417 177 262 336 435 403 164 360 410 345 186 180 341 165 198 332 363 180 383 386 498 472 428 339 348 384 292 605 240 451 519 465 223 503 485 88 348 64 495 149 290 510 191 480 164 280 97 244 340 424 370 -1 436 113 334 585 279 465 376 320 224 324 460 390 182 279 501 175 677 441 334 293 404 66 191 456 249 559 568 299 85 242 316 473 418 519 388 297 240 205 286 526 490 260 385 257 242 432 
99 420 617 275 347 173 452 235 272 368 291 233 554 330 441 313 491 571 262 260 172 635 601 710 336 483 302 758 644 176 568 282 176 225 392 92 122 348 301 484 438 554 658 375 432 546 391 560 490 573 222 625 560 436 -1 544 719 626 184 661 452 125 246 405 405 73 270 585 297 336 243 486 653 670 323 381 439 41 240 227 561 533 434 310 465 387 170 694 823 300 438 375 260 954 70 265 357 509 628 78 
453 129 388 291 315 449 464 481 276 406 518 456 200 287 364 249 185 303 473 285 473 343 493 422 532 347 412 351 288 709 188 561 632 577 262 605 583 197 454 61 590 64 202 614 270 488 258 319 77 266 422 468 425 113 544 -1 235 657 393 431 398 424 337 357 504 493 280 229 573 246 783 462 342 270 464 163 208 561 338 647 650 281 170 349 392 573 532 488 290 363 258 253 364 437 601 370 486 242 151 544 
641 314 294 503 404 659 473 586 476 461 745 677 418 515 384 405 233 240 697 468 603 230 425 271 762 343 498 501 480 864 159 785 836 794 345 760 724 399 683 270 825 185 64 845 506 450 492 540 244 481 542 688 652 334 719 235 -1 889 598 315 408 593 551 399 537 655 451 165 653 383 940 453 539 447 534 358 286 725 483 762 885 251 404 577 626 806 742 365 306 461 309 354 484 448 783 593 718 244 94 736 
561 638 995 503 771 466 949 798 547 855 335 401 475 439 879 655 780 914 368 591 739 971 1056 1057 290 895 808 520 451 763 825 353 515 419 765 715 747 576 336 642 193 717 860 276 394 1022 425 356 681 419 746 231 241 585 626 657 889 -1 497 1045 909 624 477 850 940 657 621 865 893 688 794 970 400 498 858 606 760 668 676 853 77 878 500 395 269 244 458 1098 753 769 800 741 731 794 610 419 275 836 809 552 
85 283 571 103 305 62 468 301 121 372 192 109 372 146 417 215 394 505 142 139 242 570 595 654 231 446 317 574 460 360 465 215 240 201 325 271 280 200 162 337 332 417 543 301 248 551 207 377 354 389 249 453 386 279 184 393 598 497 -1 620 441 128 63 383 447 176 166 493 397 248 424 494 469 487 363 239 350 218 193 381 445 465 258 130 292 288 144 665 655 286 370 301 244 779 221 88 224 430 503 156 
622 407 49 561 320 681 247 451 519 301 807 725 628 611 220 409 266 132 755 485 498 91 127 69 839 178 364 773 719 755 244 835 822 817 295 664 613 471 759 418 927 368 278 917 654 175 620 740 378 693 440 887 835 465 661 431 315 1045 620 -1 215 550 602 255 321 587 455 203 471 374 827 213 773 700 367 439 286 649 437 606 1018 166 550 665 777 893 755 56 617 361 252 319 402 763 732 659 812 209 314 710 
426 312 178 407 139 497 67 236 363 86 633 550 561 471 35 254 217 174 583 320 285 220 154 274 671 65 151 746 666 539 261 655 619 628 153 449 398 343 595 357 767 351 348 743 541 112 498 653 323 620 230 788 728 376 452 398 408 909 441 215 -1 350 438 59 129 379 289 243 264 223 612 65 710 660 153 324 192 437 248 394 871 157 452 515 654 727 563 242 659 159 141 174 202 812 522 498 654 173 354 507 
77 298 503 181 230 163 364 174 164 271 306 226 458 251 333 188 366 451 261 140 114 516 503 595 349 371 208 668 557 285 443 316 271 280 270 182 170 232 288 363 452 430 532 409 354 453 308 487 366 489 131 577 510 320 125 424 593 624 128 550 350 -1 170 297 331 69 146 461 269 211 358 393 575 576 246 261 315 137 117 262 570 412 332 253 417 405 215 588 708 191 317 251 148 845 192 214 349 386 502 160 
146 237 552 48 299 111 474 331 83 379 206 128 309 85 411 193 360 480 155 119 279 544 590 630 237 434 331 512 398 422 428 240 295 242 307 330 334 152 158 285 329 367 499 315 188 551 145 319 306 328 273 407 340 224 246 337 551 477 63 602 438 170 -1 379 463 229 150 459 432 227 487 496 410 424 382 193 322 278 199 432 433 441 195 85 248 292 194 649 593 292 350 282 254 716 284 59 215 403 457 218 
372 261 212 347 79 440 111 204 303 61 575 492 510 412 35 195 185 183 524 260 244 240 212 308 612 79 112 700 615 506 243 597 568 572 100 411 363 285 536 311 708 317 336 685 484 172 440 598 280 568 185 731 670 324 405 357 399 850 383 255 59 297 379 -1 148 332 229 235 255 165 581 121 658 612 136 269 149 394 190 374 811 154 397 455 595 668 508 290 629 106 102 119 149 781 476 438 594 155 334 456 
408 400 295 443 198 493 73 170 401 100 636 554 645 515 154 309 333 303 588 355 233 345 219 388 678 194 131 842 752 453 386 648 580 609 243 377 321 406 610 455 779 465 476 741 600 159 554 723 427 699 200 847 783 460 405 504 537 940 447 321 129 331 463 148 -1 336 327 372 151 287 521 107 790 752 85 399 297 380 264 290 892 285 525 546 700 735 545 332 777 175 250 256 209 930 470 520 671 297 478 473 
96 366 543 247 274 190 380 167 233 294 326 255 526 312 367 252 425 499 288 210 102 563 528 637 372 409 229 734 623 215 502 327 245 279 322 112 105 301 322 432 475 497 593 421 416 473 371 548 434 554 149 629 563 390 73 493 655 657 176 587 379 69 229 332 336 -1 213 517 242 272 290 413 638 644 252 330 372 70 172 205 597 461 400 306 468 426 217 621 778 227 368 306 188 915 144 264 382 439 566 137 
191 152 405 118 150 228 328 229 75 235 352 270 345 188 260 49 232 338 300 31 202 404 439 488 386 284 198 554 450 429 307 380 391 367 159 325 303 98 308 219 479 284 391 462 275 401 228 403 220 388 165 520 456 182 270 280 451 621 166 455 289 146 150 229 327 213 -1 331 332 82 503 348 479 461 254 118 185 283 72 376 582 299 216 226 373 442 307 501 567 151 204 135 122 708 333 209 365 264 358 286 
520 232 163 412 250 556 309 429 376 297 664 587 428 446 218 281 99 85 613 355 452 113 283 194 689 178 338 570 517 717 41 699 721 695 195 616 575 310 608 224 767 165 104 771 471 296 442 544 184 494 391 693 644 279 585 229 165 865 493 203 243 461 459 235 372 517 331 -1 490 252 794 291 571 496 371 272 146 586 345 603 846 86 364 506 596 739 637 259 432 307 152 210 335 583 653 510 654 82 120 615 
333 451 440 428 261 427 223 103 394 193 567 492 676 502 277 336 429 434 526 351 154 484 370 535 612 324 162 883 782 308 495 569 471 520 321 246 190 428 556 516 716 548 590 664 601 310 553 732 497 721 166 837 771 501 297 573 653 893 397 471 264 269 432 255 151 242 332 490 -1 329 372 258 811 791 119 436 382 263 259 139 836 409 548 517 680 668 459 484 860 210 347 322 215 1010 354 482 617 409 583 374 
268 121 325 189 91 310 273 236 145 188 432 351 358 249 191 34 155 257 380 110 230 322 368 406 465 208 173 559 465 483 232 461 469 449 80 379 347 120 385 186 555 232 321 542 319 335 275 436 173 411 177 567 505 175 336 246 383 688 248 374 223 211 227 165 287 272 82 252 329 -1 559 286 503 468 229 112 105 342 100 403 653 217 237 296 430 519 389 422 536 122 122 55 118 683 403 285 440 183 294 362 
342 656 790 519 543 398 588 377 515 528 474 444 796 571 613 542 707 762 464 498 341 822 739 886 514 660 468 998 883 76 784 444 278 377 599 180 219 589 507 722 600 786 877 518 670 679 631 794 724 812 403 840 777 677 243 783 940 794 424 827 612 358 487 581 521 290 503 794 372 559 -1 624 888 911 460 620 654 221 458 234 720 728 677 542 685 551 355 849 1065 488 641 586 458 1198 208 498 551 712 853 277 
470 378 190 466 199 547 36 256 422 122 686 603 627 533 100 316 278 213 636 379 314 245 116 281 725 118 185 811 731 554 314 705 657 673 218 471 416 407 651 421 823 412 395 795 605 60 562 718 387 686 266 853 792 441 486 462 453 970 494 213 65 393 496 121 107 413 348 291 258 286 624 -1 775 724 167 390 256 466 300 396 929 205 517 574 716 782 609 226 716 207 205 239 250 869 554 555 710 229 407 546 
555 397 729 393 593 490 769 708 420 691 458 451 149 325 675 484 516 644 442 460 671 685 826 763 441 670 671 131 59 828 530 505 649 556 557 740 743 387 401 360 435 406 530 503 222 812 266 95 400 91 644 170 173 334 653 342 539 400 469 773 710 575 410 658 790 638 479 571 811 503 888 775 -1 100 728 391 522 687 552 837 429 617 266 345 228 449 546 829 354 621 572 539 600 401 680 390 385 576 480 611 
570 352 658 397 555 519 722 690 413 652 513 491 118 340 624 455 454 574 488 448 662 610 763 684 503 613 641 92 47 846 456 561 691 605 512 752 747 364 451 303 513 332 444 572 245 756 280 157 338 107 626 270 262 293 670 270 447 498 487 700 660 576 424 612 752 644 461 496 791 468 911 724 100 -1 698 357 468 700 533 833 521 551 246 376 295 520 585 756 255 590 519 496 576 321 706 418 447 512 396 638 
322 349 331 365 149 408 131 89 325 74 551 469 587 439 160 244 312 317 504 279 150 370 283 428 593 208 57 789 693 389 376 563 497 524 206 304 250 341 526 410 695 434 471 656 529 226 482 655 388 636 115 774 709 404 323 464 534 858 363 367 153 246 382 136 85 252 254 371 119 229 460 167 728 698 -1 340 266 300 185 241 809 290 462 467 624 650 460 389 748 107 228 211 132 899 390 438 587 290 464 388 
292 44 389 145 202 300 380 337 118 300 394 321 246 175 290 99 178 309 344 121 318 369 457 455 418 295 284 449 353 546 237 431 479 435 171 443 422 40 336 102 496 178 305 499 220 433 181 328 114 300 274 464 406 66 381 163 358 606 239 439 324 261 193 269 399 330 118 272 436 112 620 390 391 357 340 -1 154 398 183 493 580 272 127 234 340 467 383 491 448 233 197 150 220 589 439 240 382 230 264 385 
374 128 236 278 122 413 256 304 238 201 529 449 373 325 157 136 52 159 477 211 316 222 307 308 558 148 220 554 475 578 129 561 575 552 61 475 438 185 477 165 643 169 223 638 373 290 335 472 132 434 256 613 557 191 439 208 286 760 350 286 192 315 322 149 297 372 185 146 382 105 654 256 522 468 266 154 -1 442 200 478 732 120 273 380 494 611 493 338 483 178 51 67 197 634 507 377 528 81 204 468 
132 435 607 303 342 212 432 211 295 352 332 274 583 363 429 323 495 566 303 277 152 629 582 702 378 473 286 789 676 149 572 323 207 265 392 53 81 368 342 501 479 566 663 415 465 526 423 595 503 606 209 664 598 456 41 561 725 668 218 649 437 137 278 394 380 70 283 586 263 342 221 466 687 700 300 398 442 -1 243 186 603 529 460 346 503 429 212 680 844 291 436 376 254 978 91 302 398 507 636 118 
185 209 389 179 116 249 276 157 140 180 386 302 418 253 225 88 252 334 335 94 135 399 402 479 424 259 132 626 523 382 329 407 386 382 153 278 247 169 351 277 523 331 420 495 346 357 298 475 270 461 92 588 523 249 240 338 483 676 193 437 248 117 199 190 264 172 72 345 259 100 458 300 552 533 185 183 200 243 -1 310 632 295 289 282 438 481 318 477 628 93 200 134 54 772 308 257 411 269 394 275 
301 519 572 443 357 392 360 175 420 314 519 455 716 513 401 398 530 557 486 385 175 612 509 668 564 449 265 926 817 176 602 509 381 450 418 146 106 474 523 587 666 634 698 601 617 449 570 749 577 750 226 835 768 559 227 647 762 853 381 606 394 262 432 374 290 205 376 603 139 403 234 396 837 833 241 493 478 186 310 -1 789 528 587 511 674 615 398 622 938 300 453 412 286 1082 262 469 581 521 683 304 
502 616 969 464 732 408 907 744 508 812 271 343 480 407 842 620 757 889 309 551 683 949 1020 1035 225 861 761 556 474 691 808 283 442 347 732 649 683 547 283 628 123 707 851 201 380 984 404 370 665 431 695 268 258 568 561 650 885 77 445 1018 871 570 433 811 892 597 582 846 836 653 720 929 429 521 809 580 732 603 632 789 -1 852 486 357 258 174 391 1070 775 725 770 707 685 830 540 374 221 811 801 486 
479 241 117 398 187 527 222 355 357 216 647 567 470 445 133 250 102 39 596 327 387 105 212 189 678 91 263 631 566 652 110 678 681 666 143 553 509 305 597 257 763 222 191 757 488 215 453 577 217 534 325 723 669 299 533 281 251 878 465 166 157 412 441 154 285 461 299 86 409 217 728 205 617 551 290 272 120 529 295 528 852 -1 385 500 610 731 605 220 513 240 96 165 274 665 603 497 648 42 202 571 
335 145 502 158 328 304 507 446 168 426 352 298 129 125 417 217 284 418 310 201 415 472 581 557 363 420 405 338 233 609 324 396 488 420 298 511 502 121 287 141 420 222 366 445 106 559 88 201 180 174 382 340 284 85 434 170 404 500 258 550 452 332 195 397 525 400 216 364 548 237 677 517 266 246 462 127 273 460 289 587 486 385 -1 184 231 403 382 605 398 354 321 278 335 521 478 213 316 342 316 414 
214 275 615 108 376 145 554 417 152 460 169 118 268 62 485 262 411 539 126 195 364 601 663 687 185 505 414 458 343 483 471 213 316 238 375 399 410 196 105 306 262 391 531 268 130 627 103 251 336 272 359 324 257 242 310 349 577 395 130 665 515 253 85 455 546 306 226 506 517 296 542 574 345 376 467 234 380 346 282 511 357 500 184 -1 164 233 210 715 574 374 414 351 337 684 335 44 148 460 485 265 
374 370 728 258 518 292 700 579 299 609 232 240 228 185 622 400 512 646 223 345 528 702 795 788 213 633 570 357 251 632 556 278 429 332 505 556 571 313 180 373 220 450 594 277 124 765 158 139 411 191 519 160 94 316 465 392 626 269 292 777 654 417 248 595 700 468 373 596 680 430 685 716 228 295 624 340 494 503 438 674 258 610 231 164 -1 225 332 831 537 525 536 481 492 617 478 204 157 568 543 409 
334 508 844 332 589 242 757 580 374 661 100 180 444 294 701 485 644 770 146 411 517 832 880 919 56 726 606 580 476 519 705 109 273 175 599 474 509 429 133 537 50 621 763 53 312 838 315 364 568 415 535 330 286 473 387 573 806 244 288 893 727 405 292 668 735 426 442 739 668 519 551 782 449 520 650 467 611 429 481 615 174 731 403 233 225 -1 217 941 758 574 641 575 532 842 366 234 87 691 715 311 
138 428 707 241 435 83 579 380 266 486 124 95 478 258 543 356 538 645 109 282 315 710 717 793 168 578 424 666 551 310 610 111 106 64 463 257 293 343 152 479 268 560 688 205 340 668 312 451 498 480 346 484 423 418 170 532 742 458 144 755 563 215 194 508 545 217 307 637 459 389 355 609 546 585 460 383 493 212 318 398 391 605 382 210 332 217 -1 796 780 404 509 440 361 894 154 171 197 572 648 94 
661 461 102 610 361 724 261 476 567 328 853 771 684 662 254 456 321 187 802 531 527 147 118 98 887 218 393 829 776 778 300 880 859 860 342 691 638 523 807 474 977 424 331 964 708 176 673 796 433 749 472 942 890 519 694 488 365 1098 665 56 242 588 649 290 332 621 501 259 484 422 849 226 829 756 389 491 338 680 477 622 1070 220 605 715 831 941 796 -1 668 396 301 366 439 813 765 707 861 263 369 747 
727 418 588 553 600 703 727 771 550 684 733 692 315 522 627 539 444 518 698 568 763 527 715 577 732 598 698 255 302 993 402 780 886 813 542 891 871 476 668 351 758 313 339 808 454 728 470 407 363 347 713 524 517 388 823 290 306 753 655 617 659 708 593 629 777 778 567 432 860 536 1065 716 354 255 748 448 483 844 628 938 775 513 398 574 537 758 780 668 -1 650 527 538 654 152 873 609 678 486 312 811 
267 243 316 268 57 340 182 125 226 87 478 395 479 340 141 136 229 275 428 180 146 337 313 410 517 182 51 682 585 412 302 497 462 469 117 313 269 233 445 306 616 339 397 587 425 265 378 549 287 529 85 671 607 297 300 363 461 769 286 361 159 191 292 106 175 227 151 307 210 122 488 207 621 590 107 233 178 291 93 300 725 240 354 374 525 574 404 396 650 -1 154 113 43 799 371 350 504 225 382 350 
382 177 202 309 97 432 206 277 267 159 555 474 423 362 106 157 84 135 503 233 300 201 260 284 587 98 188 605 526 565 149 584 585 570 46 464 422 224 507 216 676 214 245 665 418 240 378 520 182 484 238 661 603 240 438 258 309 800 370 252 141 317 350 102 250 368 204 152 347 122 641 205 572 519 228 197 51 436 200 453 770 96 321 414 536 641 509 301 527 154 -1 69 183 679 508 407 561 71 235 475 
314 144 270 244 62 363 230 238 201 156 487 405 392 302 141 89 120 204 435 165 248 270 314 353 520 154 160 586 498 510 197 516 517 501 24 407 370 168 441 200 610 225 291 597 367 285 324 479 176 449 188 613 553 205 375 253 354 741 301 319 174 251 282 119 256 306 135 210 322 55 586 239 539 496 211 150 67 376 134 412 707 165 278 351 481 575 440 366 538 113 69 -1 129 688 443 341 495 135 271 407 
223 238 357 234 87 297 224 118 193 128 436 353 462 307 184 121 250 311 386 147 119 375 356 450 476 223 77 668 568 382 325 454 420 425 140 280 241 213 404 304 575 348 420 544 398 309 350 525 291 509 60 642 577 286 260 364 484 731 244 402 202 148 254 149 209 188 122 335 215 118 458 250 600 576 132 220 197 254 54 286 685 274 335 337 492 532 361 439 654 43 183 129 -1 801 331 311 464 254 400 307 
856 563 737 679 750 822 879 919 683 836 832 802 416 638 780 684 596 669 803 705 907 674 865 719 825 751 848 274 366 1127 555 880 1000 920 693 1027 1011 613 769 496 834 465 487 894 556 879 582 478 512 428 859 564 575 526 954 437 448 794 779 763 812 845 716 781 930 915 708 583 1010 683 1198 869 401 321 899 589 634 978 772 1082 830 665 521 684 617 842 894 813 152 799 679 688 801 -1 1000 723 769 639 463 935 
147 480 687 321 417 189 521 301 325 437 277 238 592 366 511 378 558 641 260 319 240 705 670 781 321 553 372 792 677 156 635 257 119 193 462 116 166 404 302 542 417 615 723 344 463 615 426 585 551 605 292 634 571 490 70 601 783 610 221 732 522 192 284 476 470 144 333 653 354 403 208 554 680 706 390 439 507 91 308 262 540 603 478 335 478 366 154 765 873 371 508 443 331 1000 -1 290 351 578 691 69 
171 283 609 99 359 101 533 383 140 437 153 86 308 87 470 251 413 536 104 178 327 599 649 686 180 493 388 502 387 439 477 192 277 207 365 355 367 200 100 323 270 407 544 260 173 610 141 296 349 315 327 365 298 260 265 370 593 419 88 659 498 214 59 438 520 264 209 510 482 285 498 555 390 418 438 240 377 302 257 469 374 497 213 44 204 234 171 707 609 350 407 341 311 723 290 -1 155 458 500 221 
286 423 762 251 515 191 687 524 294 592 79 126 363 208 626 406 559 687 95 334 464 749 805 836 55 648 540 514 406 508 619 121 282 181 520 448 475 345 61 449 115 534 676 130 227 766 228 294 482 340 474 293 237 385 357 486 718 275 224 812 654 349 215 594 671 382 365 654 617 440 551 710 385 447 587 382 528 398 411 581 221 648 316 148 157 87 197 861 678 504 561 495 464 769 351 155 -1 608 628 287 
449 198 160 359 168 493 240 346 319 217 610 530 428 404 143 215 59 78 558 291 371 141 251 227 639 111 255 593 526 636 88 642 651 632 116 535 493 264 558 216 723 186 181 719 445 248 410 535 176 492 309 680 627 257 509 242 244 836 430 209 173 386 403 155 297 439 264 82 409 183 712 229 576 512 290 230 81 507 269 521 811 42 342 460 568 691 572 263 486 225 71 135 254 639 578 458 608 -1 181 542 
548 220 280 409 326 564 421 508 382 394 652 583 347 423 325 314 153 206 604 374 519 222 403 289 671 290 422 462 422 777 93 692 742 700 265 673 639 305 591 178 736 94 51 753 420 416 403 468 150 412 460 617 576 242 628 151 94 809 503 314 354 502 457 334 478 566 358 120 583 294 853 407 480 396 464 264 204 636 394 683 801 202 316 485 543 715 648 369 312 382 235 271 400 463 691 500 628 181 -1 643 
95 427 664 258 390 120 515 304 268 425 217 169 525 298 492 334 517 610 194 268 239 675 659 755 262 531 361 723 608 223 593 204 112 147 428 162 199 347 236 486 362 562 678 297 394 607 358 516 498 536 280 566 502 432 78 544 736 552 156 710 507 160 218 456 473 137 286 615 374 362 277 546 611 638 388 385 468 118 275 304 486 571 414 265 409 311 94 747 811 350 475 407 307 935 69 221 287 542 643 -1 
