100
-1 256 208 69 437 308 58 344 424 284 246 125 289 395 297 241 369 349 507 548 344 344 115 206 260 209 72 274 317 216 231 250 428 293 473 164 254 555 452 159 275 379 181 303 327 344 475 279 302 404 383 415 436 306 105 216 402 405 316 287 435 173 232 269 425 460 435 408 484 343 239 326 267 237 357 504 454 222 327 439 437 269 382 219 387 502 318 93 516 504 89 409 230 310 256 496 433 290 316 235 
256 -1 444 322 330 497 213 514 588 329 383 367 544 455 551 452 115 602 479 451 206 130 174 300 503 353 275 505 124 78 453 66 468 286 267 416 218 760 437 253 460 345 438 530 280 531 615 523 374 210 582 166 206 510 361 459 148 307 571 438 665 322 488 334 291 343 655 345 406 95 335 262 439 490 385 357 203 476 313 185 532 181 263 49 566 701 575 167 699 275 235 641 423 377 495 271 630 273 213 399 
208 444 -1 142 641 142 233 424 261 293 383 198 191 343 211 301 559 258 502 591 457 548 324 382 61 170 249 66 467 384 43 452 588 486 680 170 343 353 449 227 358 571 133 310 526 171 561 249 276 611 191 610 638 352 143 218 578 608 158 181 227 166 157 442 632 533 423 605 523 538 228 399 366 185 347 711 648 75 519 614 564 382 472 416 447 515 187 297 329 650 287 375 99 473 249 700 239 346 523 354 
69 322 142 -1 499 257 112 342 376 287 268 100 229 383 240 226 436 293 513 571 386 413 183 248 191 188 110 208 372 275 170 319 464 347 542 118 285 493 457 173 272 432 122 272 385 291 479 236 294 472 325 483 505 289 51 177 466 466 248 252 368 157 173 310 490 492 403 465 504 411 232 354 270 183 357 569 522 154 380 503 458 310 417 287 379 480 254 162 461 559 145 370 183 346 217 565 374 310 381 247 
437 330 641 499 -1 744 438 445 855 640 339 470 645 768 640 468 313 676 809 776 534 221 326 281 685 623 393 707 447 398 668 268 249 167 182 523 540 992 765 534 434 113 563 546 119 780 470 580 679 162 820 290 235 493 506 531 382 32 707 709 864 587 598 244 51 668 630 69 735 286 627 591 406 584 704 86 309 634 145 398 355 509 592 306 493 627 689 365 953 529 353 646 665 250 548 234 870 596 128 377 
308 497 142 257 744 -1 309 566 121 243 518 334 317 240 339 442 608 379 410 521 447 617 418 505 157 148 367 110 484 424 98 522 719 601 755 311 336 262 363 246 499 687 275 450 636 36 703 387 206 688 85 663 702 494 275 360 610 712 259 85 198 175 295 567 728 487 557 717 456 593 190 370 506 323 270 806 698 208 635 644 703 383 445 482 588 653 299 382 209 651 397 507 78 602 390 767 132 315 620 491 
58 213 233 112 438 309 -1 398 417 240 292 183 340 358 351 299 328 403 457 492 285 316 113 239 290 187 121 295 261 163 247 220 460 309 450 220 197 566 403 114 330 394 233 362 336 345 526 337 264 382 389 377 406 363 158 274 354 406 359 272 457 150 284 300 419 403 493 418 429 305 204 269 320 291 313 497 416 262 344 391 480 210 323 183 443 560 366 73 518 449 118 467 230 343 314 468 439 236 311 286 
344 514 424 342 445 566 398 -1 685 626 132 243 300 725 283 123 595 292 850 891 670 521 348 218 429 530 277 473 619 517 467 465 244 295 589 254 595 737 795 503 70 332 291 146 342 595 138 211 636 531 607 615 598 82 302 209 654 420 384 586 582 500 286 212 471 798 186 378 827 560 574 667 78 258 697 531 652 367 303 687 164 601 716 464 53 192 346 377 740 789 295 212 507 194 191 635 649 634 402 117 
424 588 261 376 855 121 417 685 -1 288 639 455 423 226 445 562 693 478 388 518 501 713 529 624 264 237 485 216 554 512 218 621 840 717 852 431 400 200 353 335 619 803 393 564 750 90 822 499 241 788 98 749 795 611 396 477 686 823 353 150 220 271 408 687 836 509 664 832 460 683 256 415 626 437 284 914 782 321 752 716 823 449 485 580 705 762 397 490 115 703 513 611 194 723 505 859 95 364 729 612 
284 329 293 287 640 243 240 626 288 -1 530 388 477 127 495 513 420 545 225 298 213 460 341 479 347 123 356 317 269 251 267 378 699 538 596 400 117 484 170 125 555 619 387 558 556 266 759 512 48 539 322 477 530 577 336 460 403 611 451 158 441 136 431 539 609 246 686 635 230 417 64 128 550 451 73 682 506 364 572 431 720 165 202 336 665 766 480 296 404 415 358 647 205 583 500 594 358 75 512 519 
246 383 383 268 339 518 292 132 639 530 -1 185 322 641 313 131 463 342 750 778 549 389 222 85 407 451 174 444 492 392 423 333 205 176 466 223 484 726 696 405 96 234 267 207 225 551 238 246 548 404 575 484 469 156 242 208 522 310 396 520 580 417 286 94 357 680 301 279 717 427 486 555 69 264 603 425 521 347 193 555 191 484 597 334 185 323 369 257 712 658 178 309 449 101 216 509 622 528 276 39 
125 367 198 100 470 334 183 243 455 388 185 -1 185 483 188 125 475 236 613 667 469 432 199 193 225 287 94 259 440 338 238 346 389 306 546 54 376 544 558 270 172 386 93 178 351 366 380 157 394 477 389 514 523 189 60 92 515 438 237 345 402 258 132 249 471 583 310 424 601 444 333 447 174 125 458 548 553 168 335 552 368 394 506 324 278 381 224 200 527 626 140 284 269 277 131 578 437 406 367 156 
289 544 191 229 645 317 340 300 423 477 322 185 -1 534 22 196 655 68 692 774 612 617 383 363 160 355 279 208 601 504 230 529 519 478 732 132 505 440 638 388 252 551 107 157 526 337 425 89 464 663 331 697 709 218 183 115 691 613 83 371 283 342 57 408 651 707 241 593 706 627 413 570 273 61 535 727 737 116 504 728 462 535 638 504 304 339 47 378 455 789 325 189 290 423 112 764 367 519 550 283 
395 455 343 383 768 240 358 725 226 127 641 483 534 -1 555 607 540 601 170 293 310 585 465 598 384 195 468 343 382 377 306 506 819 663 720 484 238 425 128 244 655 745 461 640 683 245 862 586 94 665 294 596 652 668 426 542 515 739 491 165 425 226 498 659 737 287 762 762 234 539 155 220 653 522 74 809 622 418 697 539 832 282 279 464 760 850 527 420 333 501 476 717 244 702 580 715 315 185 640 626 
297 551 211 240 640 339 351 283 445 495 313 188 22 555 -1 184 661 52 711 792 626 620 387 358 182 374 282 230 612 513 251 533 506 473 732 136 520 460 657 403 238 544 118 138 521 359 406 72 484 664 353 702 711 201 193 109 699 609 103 392 303 359 67 401 648 723 219 586 723 632 431 585 260 62 554 723 741 136 497 736 446 549 653 510 284 317 62 384 477 800 328 167 311 414 98 765 388 536 548 273 
241 452 301 226 468 442 299 123 562 513 131 125 196 607 184 -1 548 211 739 790 582 488 278 193 308 412 185 351 543 439 344 416 322 302 582 131 496 622 684 395 58 365 169 82 351 472 261 115 520 517 485 579 575 64 182 90 599 438 275 464 469 383 170 224 482 702 202 409 724 515 459 568 76 144 584 553 618 246 322 635 271 509 623 404 152 260 244 296 620 723 217 193 385 231 86 621 529 530 392 91 
369 115 559 436 313 608 328 595 693 420 463 475 655 540 661 548 -1 711 533 476 249 94 276 377 618 461 381 619 162 183 567 132 505 329 190 525 303 870 499 362 548 365 549 629 306 641 680 628 468 156 693 56 115 602 474 565 70 299 685 544 779 433 599 396 264 369 749 350 444 35 437 327 525 599 467 311 90 590 347 95 585 257 303 151 648 786 687 277 805 220 337 741 535 434 599 176 740 355 229 484 
349 602 258 293 676 379 403 292 478 545 342 236 68 601 52 211 711 -1 760 843 679 667 435 396 221 423 330 268 664 565 295 582 526 509 776 186 572 473 706 455 258 576 171 146 558 395 404 95 532 708 384 750 758 211 245 150 749 645 125 437 317 410 120 433 687 775 192 619 774 681 481 637 283 112 603 760 790 183 531 786 457 601 705 559 284 292 81 435 499 852 375 136 357 442 127 810 414 588 590 302 
507 479 502 513 809 410 457 850 388 225 750 613 692 170 711 739 533 760 -1 139 284 601 546 692 548 338 578 509 373 413 468 542 906 735 723 624 278 582 55 347 780 809 609 782 744 416 983 735 227 680 464 585 649 803 561 684 488 785 655 331 595 359 650 749 771 187 909 818 106 544 284 218 774 672 157 834 602 576 767 503 937 301 231 505 890 992 689 503 487 426 574 868 405 794 724 707 482 225 688 742 
548 451 591 571 776 521 492 891 518 298 778 667 774 293 792 790 476 843 139 -1 245 557 559 709 644 421 614 611 329 401 564 517 909 730 663 688 295 716 165 397 823 796 681 844 730 534 1016 804 320 631 585 520 586 854 622 748 418 756 749 437 715 432 727 759 732 108 974 797 68 495 362 223 812 746 251 787 529 662 759 423 956 295 188 488 935 1049 778 521 621 322 599 939 500 805 789 638 609 261 664 776 
344 206 457 386 534 447 285 670 501 213 549 469 612 310 626 582 249 679 284 245 -1 319 326 474 517 305 398 500 89 159 446 272 666 485 439 503 114 696 251 229 606 550 508 647 485 474 787 621 260 397 530 301 364 646 437 559 209 512 611 367 642 294 558 520 492 138 779 552 201 260 257 89 591 570 235 552 321 514 514 230 718 77 57 243 718 842 629 293 617 203 374 752 393 565 599 423 569 137 419 553 
344 130 548 413 221 617 316 521 713 460 389 432 617 585 620 488 94 667 601 557 319 -1 235 304 603 477 338 611 230 208 563 95 412 242 138 485 348 878 562 378 480 271 515 571 214 652 597 579 504 79 701 95 92 537 443 518 165 206 657 563 773 444 562 314 175 449 685 256 520 64 464 387 455 558 515 232 131 567 256 187 497 308 376 135 574 713 653 251 822 314 292 682 540 349 548 152 749 403 137 416 
115 174 324 183 326 418 113 348 529 341 222 199 383 465 387 278 276 435 546 559 326 235 -1 149 375 300 104 390 271 169 346 146 360 198 359 251 270 670 494 221 289 281 280 355 223 454 461 352 371 289 496 314 327 336 207 288 322 294 422 385 551 263 327 202 310 459 481 304 501 245 313 339 270 324 412 389 354 334 232 358 396 264 376 127 398 529 418 44 627 446 61 467 339 248 323 385 545 320 202 231 
206 300 382 248 281 505 239 218 624 479 85 193 363 598 358 193 377 396 692 709 474 304 149 -1 417 416 139 446 412 315 416 248 221 114 389 244 419 734 639 354 176 192 286 276 162 540 316 301 503 324 571 398 386 234 239 249 436 250 427 493 595 379 317 62 291 608 381 231 650 341 442 488 150 302 552 364 436 361 142 469 246 413 525 250 271 409 408 189 708 574 121 383 430 104 269 429 620 467 198 111 
260 503 61 191 685 157 290 429 264 347 407 225 160 384 182 308 618 221 548 644 517 603 375 417 -1 224 292 47 528 444 80 508 613 526 733 184 403 319 496 288 367 609 141 301 568 176 564 235 325 664 178 668 694 352 179 220 639 652 107 218 179 225 145 475 679 590 401 645 576 596 283 458 380 174 395 758 706 62 558 675 579 443 531 474 445 498 143 352 311 711 333 349 143 502 243 755 220 403 571 374 
209 353 170 188 623 148 187 530 237 123 451 287 355 195 374 412 461 423 338 421 305 477 300 416 224 -1 280 198 335 278 146 384 638 496 615 289 191 409 284 99 460 581 271 447 524 180 667 397 111 551 234 516 559 473 230 349 462 592 328 86 337 37 311 479 601 365 572 605 353 448 58 236 459 334 180 678 551 241 531 495 642 237 310 342 565 657 357 259 345 506 297 530 88 520 387 624 279 180 496 434 
72 275 249 110 393 367 121 277 485 356 174 94 279 468 282 185 381 330 578 614 398 338 104 139 292 280 -1 315 358 254 281 251 358 237 455 147 318 602 523 231 210 322 180 256 277 402 405 248 374 386 435 419 429 248 114 184 424 360 325 355 471 245 224 201 388 522 385 356 550 350 312 390 198 220 429 467 459 242 270 460 364 326 440 230 322 444 316 112 572 540 46 367 291 240 219 485 485 358 281 164 
274 505 66 208 707 110 295 473 216 317 444 259 208 343 230 351 619 268 509 611 500 611 390 446 47 198 315 -1 518 441 54 516 649 552 744 223 385 287 459 274 409 636 182 348 593 129 609 282 290 676 134 671 701 397 207 264 634 674 149 178 161 206 191 506 698 562 449 671 543 599 255 434 420 220 360 777 708 106 585 670 619 427 509 479 490 545 189 362 270 698 354 397 111 536 289 764 178 379 589 412 
317 124 467 372 447 484 261 619 554 269 492 440 601 382 612 543 162 664 373 329 89 230 271 412 528 335 358 518 -1 104 464 190 591 410 351 481 154 742 337 244 560 469 494 615 404 514 729 597 318 308 569 216 277 605 419 533 133 426 612 410 670 315 545 452 404 221 744 468 289 171 299 166 542 553 308 463 240 514 437 162 652 104 146 167 670 799 624 247 669 187 327 724 419 497 572 338 612 198 335 502 
216 78 384 275 398 424 163 517 512 251 392 338 504 377 513 439 183 565 413 401 159 208 169 315 444 278 254 441 104 -1 388 130 507 328 345 380 142 687 367 179 456 398 396 511 332 458 630 494 296 287 510 238 283 500 320 430 194 372 521 361 599 250 447 360 362 297 640 405 349 171 257 195 439 453 309 432 273 423 359 230 559 112 213 92 567 696 529 142 623 288 223 620 352 405 469 348 556 199 274 400 
231 453 43 170 668 98 247 467 218 267 423 238 230 306 251 344 567 295 468 564 446 563 346 416 80 146 281 54 464 388 -1 467 626 518 697 213 331 323 416 220 401 603 177 354 556 128 605 292 244 629 154 620 652 396 181 262 581 636 187 141 211 152 200 478 657 511 465 636 496 548 204 381 408 228 315 736 657 115 551 616 606 373 456 429 490 559 220 316 291 643 316 417 63 511 293 715 204 326 548 395 
250 66 452 319 268 522 220 465 621 378 333 346 529 506 533 416 132 582 542 517 272 95 146 248 508 384 251 516 190 130 467 -1 403 221 232 398 273 783 497 286 416 279 425 496 214 557 559 497 420 167 606 168 186 470 351 435 188 242 565 471 677 350 473 274 232 410 617 279 471 99 375 323 394 471 439 303 207 473 247 222 471 241 330 42 518 655 563 156 728 329 207 608 445 316 468 248 654 329 147 353 
428 468 588 464 249 719 460 244 840 699 205 389 519 819 506 322 505 526 906 909 666 412 360 221 613 638 358 649 591 507 626 403 -1 181 426 429 629 932 854 575 268 146 472 381 198 753 227 435 725 386 779 502 462 317 445 408 574 237 597 713 784 601 488 160 292 804 425 181 855 470 664 695 246 464 771 328 531 552 158 599 110 616 721 424 279 398 566 403 917 723 343 456 647 118 408 477 827 680 275 240 
293 286 486 347 167 601 309 295 717 538 176 306 478 663 473 302 329 509 735 730 485 242 198 114 526 496 237 552 410 328 518 221 181 -1 293 358 457 840 685 419 273 85 399 382 49 637 355 413 569 237 672 336 308 333 347 364 397 136 542 578 705 458 432 83 181 624 475 119 678 294 512 520 245 417 608 250 369 472 34 425 256 439 541 243 347 486 522 242 808 545 204 485 524 108 381 339 722 510 109 213 
473 267 680 542 182 755 450 589 852 596 466 546 732 720 732 582 190 776 723 663 439 138 359 389 733 615 455 744 351 345 697 232 426 293 -1 601 482 1015 688 517 562 280 635 665 249 790 638 683 641 69 838 143 76 622 566 625 246 189 780 701 906 582 679 377 134 558 767 245 634 181 602 514 535 671 649 139 144 693 291 248 527 440 493 273 641 779 771 382 960 377 409 772 677 399 652 52 887 536 190 499 
164 416 170 118 523 311 220 254 431 400 223 54 132 484 136 131 525 186 624 688 503 485 251 244 184 289 147 223 481 380 213 398 429 358 601 -1 403 503 569 291 188 436 43 158 404 341 392 118 400 532 357 566 577 186 66 60 563 491 184 335 356 265 77 297 525 610 286 476 621 496 341 472 197 74 467 602 605 123 386 600 396 426 535 374 280 367 170 248 493 668 193 251 254 320 100 632 402 428 422 189 
254 218 343 285 540 336 197 595 400 117 484 376 505 238 520 496 303 572 278 295 114 348 270 419 403 191 318 385 154 142 331 273 629 457 482 403 -1 590 228 118 528 532 403 554 468 364 721 521 165 427 420 360 414 560 337 461 286 513 499 258 528 179 452 473 505 207 686 543 233 301 147 72 517 467 167 575 389 403 489 316 665 49 132 233 640 756 519 229 515 315 305 655 278 518 502 478 461 56 415 481 
555 760 353 493 992 262 566 737 200 484 726 544 440 425 460 622 870 473 582 716 696 878 670 734 319 409 602 287 742 687 323 783 932 840 1015 503 590 -1 551 508 681 924 460 597 879 229 866 529 438 948 177 925 964 656 494 532 871 960 356 332 156 437 451 793 981 709 665 958 659 856 443 612 696 479 485 1060 960 380 872 903 893 639 684 743 744 764 399 637 97 900 639 608 338 821 546 1029 130 559 872 693 
452 437 449 457 765 363 403 795 353 170 696 558 638 128 657 684 499 706 55 165 251 562 494 639 496 284 523 459 337 367 416 497 854 685 688 569 228 551 -1 292 725 761 554 727 696 372 928 680 173 641 422 552 614 747 506 629 459 740 603 281 553 304 596 696 728 179 854 771 110 507 228 175 719 618 103 794 572 523 718 477 883 256 202 459 835 936 636 451 457 412 520 814 353 741 669 674 444 174 642 687 
159 253 227 173 534 246 114 503 335 125 405 270 388 244 403 395 362 455 347 397 229 378 221 354 288 99 231 274 244 179 220 286 575 419 517 291 118 508 292 -1 434 502 287 446 442 279 635 408 150 453 331 417 460 459 225 351 365 504 381 184 426 72 336 415 509 320 577 522 330 349 93 182 426 352 198 585 452 285 453 400 594 154 250 245 544 652 401 176 445 423 233 543 176 458 391 524 378 136 406 395 
275 460 358 272 434 499 330 70 619 555 96 172 252 655 238 58 548 258 780 823 606 480 289 176 367 460 210 409 560 456 401 416 268 273 562 188 528 681 725 434 -1 326 227 115 322 529 208 167 566 500 543 573 563 60 232 149 604 406 333 517 528 429 229 190 454 732 205 372 759 514 503 600 27 202 627 520 611 305 288 638 212 536 650 411 112 240 299 315 679 734 233 212 439 187 140 605 587 566 372 64 
379 345 571 432 113 687 394 332 803 619 234 386 551 745 544 365 365 576 809 796 550 271 281 192 609 581 322 636 469 398 603 279 146 85 280 436 532 924 761 502 326 -1 478 441 65 722 360 480 652 240 757 358 316 385 430 436 435 93 618 664 787 543 508 142 148 689 519 45 747 332 595 593 299 490 688 199 385 553 51 458 247 510 607 308 380 514 596 325 894 585 290 536 610 140 449 331 807 587 137 273 
181 438 133 122 563 275 233 291 393 387 267 93 107 461 118 169 549 171 609 681 508 515 280 286 141 271 180 182 494 396 177 425 472 399 635 43 403 460 554 287 227 478 -1 179 445 303 428 125 382 566 316 592 607 218 76 85 584 531 145 307 313 251 51 340 564 608 300 517 613 521 325 470 238 64 451 641 632 80 428 621 437 431 536 398 313 388 138 271 452 682 226 259 225 364 118 664 361 422 459 233 
303 530 310 272 546 450 362 146 564 558 207 178 157 640 138 82 629 146 782 844 647 571 355 276 301 447 256 348 615 511 354 496 381 382 665 158 554 597 727 446 115 441 179 -1 432 475 268 68 558 599 479 660 658 64 222 98 678 517 241 486 441 423 156 302 563 762 131 486 777 596 499 625 142 127 625 632 699 243 400 714 311 572 684 482 146 209 201 369 608 797 294 112 404 303 61 704 518 583 474 169 
327 280 526 385 119 636 336 342 750 556 225 351 526 683 521 351 306 558 744 730 485 214 223 162 568 524 277 593 404 332 556 214 198 49 249 404 468 879 696 442 322 65 445 432 -1 672 392 462 591 197 710 305 270 382 389 412 376 87 588 608 748 487 479 131 131 623 523 81 681 272 535 527 294 464 625 201 336 516 43 401 286 445 542 242 393 531 570 266 844 525 240 534 558 150 430 297 759 523 77 262 
344 531 171 291 780 36 345 595 90 266 551 366 337 245 359 472 641 395 416 534 474 652 454 540 176 180 402 129 514 458 128 557 753 637 790 341 364 229 372 279 529 722 303 475 672 -1 732 411 225 724 56 696 737 521 308 387 642 748 272 107 181 208 319 602 764 506 578 753 470 627 217 394 537 348 285 842 731 232 671 675 734 412 468 517 615 674 314 418 173 678 432 526 114 637 415 801 98 339 656 523 
475 615 561 479 470 703 526 138 822 759 238 380 425 862 406 261 680 404 983 1016 787 597 461 316 564 667 405 609 729 630 605 559 227 355 638 392 721 866 928 635 208 360 428 268 392 732 -1 336 772 589 742 691 663 212 440 345 745 453 509 725 709 636 419 285 508 919 243 401 954 645 709 793 209 390 831 553 725 503 349 776 117 723 836 566 121 184 468 496 874 887 416 291 646 247 321 688 784 763 465 240 
279 523 249 236 580 387 337 211 499 512 246 157 89 586 72 115 628 95 735 804 621 579 352 301 235 397 248 282 597 494 292 497 435 413 683 118 521 529 680 408 167 480 125 68 462 411 336 -1 508 616 412 665 669 128 184 64 672 550 173 429 373 376 92 337 592 728 175 523 737 597 451 590 190 64 577 664 704 178 435 708 373 544 653 478 214 266 135 357 541 783 291 134 346 346 31 719 451 544 496 207 
302 374 276 294 679 206 264 636 241 48 548 394 464 94 484 520 468 532 227 320 260 504 371 503 325 111 374 290 318 296 244 420 725 569 641 400 165 438 173 150 566 652 382 558 591 225 772 508 -1 583 280 524 576 582 339 460 451 649 431 120 403 136 422 564 650 281 683 671 253 463 62 174 562 445 71 723 554 349 604 480 739 213 246 378 673 768 463 327 356 462 382 641 181 608 498 641 314 123 550 534 
404 210 611 472 162 688 382 531 788 539 404 477 663 665 664 517 156 708 680 631 397 79 289 324 664 551 386 676 308 287 629 167 386 237 69 532 427 948 641 453 500 240 566 599 197 724 589 616 583 -1 771 127 75 559 496 557 223 157 710 638 838 517 610 318 112 524 705 213 596 136 541 466 473 602 595 155 147 623 240 236 482 388 453 208 583 722 702 313 895 367 340 708 611 345 585 104 820 483 129 436 
383 582 191 325 820 85 389 607 98 322 575 389 331 294 353 485 693 384 464 585 530 701 496 571 178 234 435 134 569 510 154 606 779 672 838 357 420 177 422 331 543 757 316 479 710 56 742 412 280 771 -1 748 787 530 334 397 696 788 258 163 131 260 323 632 806 561 572 790 523 678 273 450 554 352 338 885 783 239 706 729 753 468 524 566 623 671 302 461 137 734 469 518 160 665 421 851 49 395 698 544 
415 166 610 483 290 663 377 615 749 477 484 514 697 596 702 579 56 750 585 520 301 95 314 398 668 516 419 671 216 238 620 168 502 336 143 566 360 925 552 417 573 358 592 660 305 696 691 665 524 127 748 -1 66 629 518 602 102 282 731 599 831 488 641 409 240 415 777 337 493 72 493 382 549 639 523 275 39 637 348 109 591 314 354 195 669 807 731 321 861 240 374 772 589 443 635 121 795 411 228 509 
436 206 638 505 235 702 406 598 795 530 469 523 709 652 711 575 115 758 649 586 364 92 327 386 694 559 429 701 277 283 652 186 462 308 76 577 414 964 614 460 563 316 607 658 270 737 663 669 576 75 787 66 -1 621 535 608 169 232 750 644 863 528 654 387 184 481 768 289 558 113 541 442 537 649 580 210 73 659 314 173 557 370 418 222 651 790 745 343 905 303 383 768 627 416 638 64 835 467 198 498 
306 510 352 289 493 494 363 82 611 577 156 189 218 668 201 64 602 211 803 854 646 537 336 234 352 473 248 397 605 500 396 470 317 333 622 186 560 656 747 459 60 385 218 64 382 521 212 128 582 559 530 629 621 -1 243 134 656 466 301 522 500 446 207 250 514 767 147 431 789 568 521 632 87 178 647 580 668 291 348 691 246 573 687 461 94 196 263 357 662 783 278 152 441 245 110 664 571 594 431 123 
105 361 143 51 506 275 158 302 396 336 242 60 183 426 193 182 474 245 561 622 437 443 207 239 179 230 114 207 419 320 181 351 445 347 566 66 337 494 506 225 232 430 76 222 389 308 440 184 339 496 334 518 535 243 -1 125 507 474 214 285 358 203 126 299 502 543 352 466 555 446 278 406 234 134 404 581 557 128 379 544 428 360 469 323 334 430 213 196 472 607 158 318 209 330 166 593 382 361 395 216 
216 459 218 177 531 360 274 209 477 460 208 92 115 542 109 90 565 150 684 748 559 518 288 249 220 349 184 264 533 430 262 435 408 364 625 60 461 532 629 351 149 436 85 98 412 387 345 64 460 557 397 602 608 134 125 -1 608 500 188 391 379 325 80 293 539 668 226 478 681 534 401 531 165 56 527 613 642 158 389 644 361 483 593 415 228 307 161 293 531 719 228 193 309 309 40 660 440 487 440 170 
402 148 578 466 382 610 354 654 686 403 522 515 691 515 699 599 70 749 488 418 209 165 322 436 639 462 424 634 133 194 581 188 574 397 246 563 286 871 459 365 604 435 584 678 376 642 745 672 451 223 696 102 169 656 507 608 -1 370 714 540 791 438 634 460 333 314 802 421 393 103 429 295 582 637 440 375 113 616 416 36 653 237 257 195 707 843 719 315 800 149 383 789 542 500 644 220 740 331 299 541 
405 307 608 466 32 712 406 420 823 611 310 438 613 739 609 438 299 645 785 756 512 206 294 250 652 592 360 674 426 372 636 242 237 136 189 491 513 960 740 504 406 93 531 517 87 748 453 550 649 157 788 282 232 466 474 500 370 -1 675 678 831 555 566 216 55 647 604 57 712 270 597 566 378 552 677 114 304 601 118 388 340 484 570 280 469 604 657 333 921 518 320 618 633 225 518 240 838 569 99 348 
316 571 158 248 707 259 359 384 353 451 396 237 83 491 103 275 685 125 655 749 611 657 422 427 107 328 325 149 612 521 187 565 597 542 780 184 499 356 603 381 333 618 145 241 588 272 509 173 431 710 258 731 750 301 214 188 714 675 -1 325 200 324 110 477 709 692 316 659 681 659 387 557 352 132 502 786 770 98 570 750 544 535 629 536 387 416 44 409 376 799 370 261 250 496 193 807 289 504 604 358 
287 438 181 252 709 85 272 586 150 158 520 345 371 165 392 464 544 437 331 437 367 563 385 493 218 86 355 178 410 361 141 471 713 578 701 335 258 332 281 184 517 664 307 486 608 107 725 429 120 638 163 599 644 522 285 391 540 678 325 -1 283 122 338 556 688 401 603 689 371 532 111 287 519 364 185 765 633 256 613 571 710 307 361 429 616 694 362 344 261 570 376 557 82 595 425 709 203 232 582 498 
435 665 227 368 864 198 457 582 220 441 580 402 283 425 303 469 779 317 595 715 642 773 551 595 179 337 471 161 670 599 211 677 784 705 906 356 528 156 553 426 528 787 313 441 748 181 709 373 403 838 131 831 863 500 358 379 791 831 200 283 -1 355 298 652 857 685 509 824 651 760 386 567 544 325 465 936 869 234 736 826 740 574 642 641 588 609 242 524 192 844 512 452 251 677 391 926 127 512 749 544 
173 322 166 157 587 175 150 500 271 136 417 258 342 226 359 383 433 410 359 432 294 444 263 379 225 37 245 206 315 250 152 350 601 458 582 265 179 437 304 72 429 543 251 423 487 208 636 376 136 517 260 488 528 446 203 325 438 555 324 122 355 -1 295 442 565 367 550 568 364 418 75 233 427 315 202 643 523 231 493 472 608 221 306 309 536 632 348 222 377 492 260 510 104 483 364 592 307 180 459 400 
232 488 157 173 598 295 284 286 408 431 286 132 57 498 67 170 599 120 650 727 558 562 327 317 145 311 224 191 545 447 200 473 488 432 679 77 452 451 596 336 229 508 51 156 479 319 419 92 422 610 323 641 654 207 126 80 634 566 110 338 298 295 -1 366 602 656 265 549 659 570 368 518 245 29 492 678 681 86 459 671 442 481 585 447 300 358 92 321 455 733 270 219 255 386 98 709 364 469 499 248 
269 334 442 310 244 567 300 212 687 539 94 249 408 659 401 224 396 433 749 759 520 314 202 62 475 479 201 506 452 360 478 274 160 83 377 297 473 793 696 415 190 142 340 302 131 602 285 337 564 318 632 409 387 250 299 293 460 216 477 556 652 442 366 -1 263 656 392 186 702 360 504 541 162 348 611 330 444 417 98 490 199 464 573 286 265 404 454 245 770 603 182 403 493 45 306 422 681 523 189 132 
425 291 632 490 51 728 419 471 836 609 357 471 651 737 648 482 264 687 771 732 492 175 310 291 679 601 388 698 404 362 657 232 292 181 134 525 505 981 728 509 454 148 564 563 131 764 508 592 650 112 806 240 184 514 502 539 333 55 709 688 857 565 602 263 -1 624 654 111 693 239 601 553 426 590 672 79 258 631 168 348 395 472 550 273 521 658 694 346 937 479 345 666 649 277 560 186 856 562 109 394 
460 343 533 492 668 487 403 798 509 246 680 583 707 287 723 702 369 775 187 108 138 449 459 608 590 365 522 562 221 297 511 410 804 624 558 610 207 709 179 320 732 689 608 762 623 506 919 728 281 524 561 415 481 767 543 668 314 647 692 401 685 367 656 656 624 -1 893 689 82 387 307 137 719 672 224 680 427 599 653 323 854 196 83 381 844 963 716 423 620 238 503 862 451 702 709 535 591 187 556 682 
435 655 423 403 630 557 493 186 664 686 301 310 241 762 219 202 749 192 909 974 779 685 481 381 401 572 385 449 744 640 465 617 425 475 767 286 686 665 854 577 205 519 300 131 523 578 243 175 683 705 572 777 768 147 352 226 802 604 316 603 509 550 265 392 654 893 -1 564 907 715 625 756 232 239 751 717 815 350 486 837 330 704 816 607 146 100 271 498 692 926 420 57 521 379 185 810 606 713 577 270 
408 345 605 465 69 717 418 378 832 635 279 424 593 762 586 409 350 619 818 797 552 256 304 231 645 605 356 671 468 405 636 279 181 119 245 476 543 958 771 522 372 45 517 486 81 753 401 523 671 213 790 337 289 431 466 478 421 57 659 689 824 568 549 186 111 689 564 -1 751 319 616 600 344 532 703 154 360 591 89 441 286 517 609 313 425 558 638 347 925 570 320 582 639 185 492 297 839 599 132 317 
484 406 523 504 735 456 429 827 460 230 717 601 706 234 723 724 444 774 106 68 201 520 501 650 576 353 550 543 289 349 496 471 855 678 634 621 233 659 110 330 759 747 613 777 681 470 954 737 253 596 523 493 558 789 555 681 393 712 681 371 651 364 659 702 693 82 907 751 -1 459 294 161 749 678 186 752 506 594 708 404 897 239 143 438 871 983 710 461 566 320 538 872 433 748 721 613 548 194 618 714 
343 95 538 411 286 593 305 560 683 417 427 444 627 539 632 515 35 681 544 495 260 64 245 341 596 448 350 599 171 171 548 99 470 294 181 496 301 856 507 349 514 332 521 596 272 627 645 597 463 136 678 72 113 568 446 534 103 270 659 532 760 418 570 360 239 387 715 319 459 -1 428 333 490 569 467 292 111 565 312 131 550 258 316 123 613 751 660 250 794 253 306 708 519 398 568 177 725 355 195 449 
239 335 228 232 627 190 204 574 256 64 486 333 413 155 431 459 437 481 284 362 257 464 313 442 283 58 312 255 299 257 204 375 664 512 602 341 147 443 228 93 503 595 325 499 535 217 709 451 62 541 273 493 541 521 278 401 429 597 387 111 386 75 368 504 601 307 625 616 294 428 -1 182 500 389 126 676 525 299 546 461 677 195 257 333 611 708 415 270 370 460 321 585 143 546 440 606 314 126 499 472 
326 262 399 354 591 370 269 667 415 128 555 447 570 220 585 568 327 637 218 223 89 387 339 488 458 236 390 434 166 195 381 323 695 520 514 472 72 612 175 182 600 593 470 625 527 394 793 590 174 466 450 382 442 632 406 531 295 566 557 287 567 233 518 541 553 137 756 600 161 333 182 -1 589 534 146 618 406 464 552 319 735 82 74 287 712 828 580 299 530 288 377 724 324 587 572 504 487 56 469 553 
267 439 366 270 406 506 320 78 626 550 69 174 273 653 260 76 525 283 774 812 591 455 270 150 380 459 198 420 542 439 408 394 246 245 535 197 517 696 719 426 27 299 238 142 294 537 209 190 562 473 554 549 537 87 234 165 582 378 352 519 544 427 245 162 426 719 232 344 749 490 500 589 -1 220 622 492 586 317 260 616 199 523 637 390 128 261 320 299 690 714 217 240 443 160 162 578 599 556 345 40 
237 490 185 183 584 323 291 258 437 451 264 125 61 522 62 144 599 112 672 746 570 558 324 302 174 334 220 220 553 453 228 471 464 417 671 74 467 479 618 352 202 490 64 127 464 348 390 64 445 602 352 639 649 178 134 56 637 552 132 364 325 315 29 348 590 672 239 532 678 569 389 534 220 -1 515 665 679 115 443 674 415 493 600 448 271 330 106 322 483 740 266 196 281 365 69 703 393 487 488 226 
357 385 347 357 704 270 313 697 284 73 603 458 535 74 554 584 467 603 157 251 235 515 412 552 395 180 429 360 308 309 315 439 771 608 649 467 167 485 103 198 627 688 451 625 625 285 831 577 71 595 338 523 580 647 404 527 440 677 502 185 465 202 492 611 672 224 751 703 186 467 126 146 622 515 -1 742 548 420 642 465 793 209 207 398 736 834 534 368 396 428 431 711 251 656 566 642 367 112 577 592 
504 357 711 569 86 806 497 531 914 682 425 548 727 809 723 553 311 760 834 787 552 232 389 364 758 678 467 777 463 432 736 303 328 250 139 602 575 1060 794 585 520 199 641 632 201 842 553 664 723 155 885 275 210 580 581 613 375 114 786 765 936 643 678 330 79 680 717 154 752 292 676 618 492 665 742 -1 282 709 232 383 436 538 609 345 579 712 770 424 1015 514 424 732 728 337 632 187 935 631 188 462 
454 203 648 522 309 698 416 652 782 506 521 553 737 622 741 618 90 790 602 529 321 131 354 436 706 551 459 708 240 273 657 207 531 369 144 605 389 960 572 452 611 385 632 699 336 731 725 704 554 147 783 39 73 668 557 642 113 304 770 633 869 523 681 444 258 427 815 360 506 111 525 406 586 679 548 282 -1 676 378 106 622 341 371 234 705 844 770 361 895 233 414 811 625 477 675 109 830 438 260 547 
222 476 75 154 634 208 262 367 321 364 347 168 116 418 136 246 590 183 576 662 514 567 334 361 62 241 242 106 514 423 115 473 552 472 693 123 403 380 523 285 305 553 80 243 516 232 503 178 349 623 239 637 659 291 128 158 616 601 98 256 234 231 86 417 631 599 350 591 594 565 299 464 317 115 420 709 676 -1 503 653 516 438 534 442 384 444 116 316 373 701 286 301 174 443 183 718 282 411 524 313 
327 313 519 380 145 635 344 303 752 572 193 335 504 697 497 322 347 531 767 759 514 256 232 142 558 531 270 585 437 359 551 247 158 34 291 386 489 872 718 453 288 51 428 400 43 671 349 435 604 240 706 348 314 348 379 389 416 118 570 613 736 493 459 98 168 653 486 89 708 312 546 552 260 443 642 232 378 503 -1 442 243 470 571 271 353 490 549 277 842 565 238 500 558 109 404 339 755 543 119 231 
439 185 614 503 398 644 391 687 716 431 555 552 728 539 736 635 95 786 503 423 230 187 358 469 675 495 460 670 162 230 616 222 599 425 248 600 316 903 477 400 638 458 621 714 401 675 776 708 480 236 729 109 173 691 544 644 36 388 750 571 826 472 671 490 348 323 837 441 404 131 461 319 616 674 465 383 106 653 442 -1 681 267 274 231 740 877 756 351 831 131 420 825 576 529 680 216 773 358 323 575 
437 532 564 458 355 703 480 164 823 720 191 368 462 832 446 271 585 457 937 956 718 497 396 246 579 642 364 619 652 559 606 471 110 256 527 396 665 893 883 594 212 247 437 311 286 734 117 373 739 482 753 591 557 246 428 361 653 340 544 710 740 608 442 199 395 854 330 286 897 550 677 735 199 415 793 436 622 516 243 681 -1 660 771 485 186 292 508 436 889 799 363 368 637 155 351 578 798 713 362 212 
269 181 382 310 509 383 210 601 449 165 484 394 535 282 549 509 257 601 301 295 77 308 264 413 443 237 326 427 104 112 373 241 616 439 440 426 49 639 256 154 536 510 431 572 445 412 723 544 213 388 468 314 370 573 360 483 237 484 535 307 574 221 481 464 472 196 704 517 239 258 195 82 523 493 209 538 341 438 470 267 660 -1 114 204 649 770 552 226 564 270 307 676 323 509 523 433 510 97 387 485 
382 263 472 417 592 445 323 716 485 202 597 506 638 279 653 623 303 705 231 188 57 376 376 525 531 310 440 509 146 213 456 330 721 541 493 535 132 684 202 250 650 607 536 684 542 468 836 653 246 453 524 354 418 687 469 593 257 570 629 361 642 306 585 573 550 83 816 609 143 316 257 74 637 600 207 609 371 534 571 274 771 114 -1 299 763 883 651 340 600 221 421 787 398 618 634 475 560 131 477 600 
219 49 416 287 306 482 183 464 580 336 334 324 504 464 510 404 151 559 505 488 243 135 127 250 474 342 230 479 167 92 429 42 424 243 273 374 233 743 459 245 411 308 398 482 242 517 566 478 378 208 566 195 222 461 323 415 195 280 536 429 641 309 447 286 273 381 607 313 438 123 333 287 390 448 398 345 234 442 271 231 485 204 299 -1 517 651 536 126 687 324 189 594 405 330 450 285 614 289 182 349 
387 566 447 379 493 588 443 53 705 665 185 278 304 760 284 152 648 284 890 935 718 574 398 271 445 565 322 490 670 567 490 518 279 347 641 280 640 744 835 544 112 380 313 146 393 615 121 214 673 583 623 669 651 94 334 228 707 469 387 616 588 536 300 265 521 844 146 425 871 613 611 712 128 271 736 579 705 384 353 740 186 649 763 517 -1 139 347 426 754 841 344 182 535 244 202 687 664 677 454 168 
502 701 515 480 627 653 560 192 762 766 323 381 339 850 317 260 786 292 992 1049 842 713 529 409 498 657 444 545 799 696 559 655 398 486 779 367 756 764 936 652 240 514 388 209 531 674 184 266 768 722 671 807 790 196 430 307 843 604 416 694 609 632 358 404 658 963 100 558 983 751 708 828 261 330 834 712 844 444 490 877 292 770 883 651 139 -1 371 553 792 975 472 156 612 381 270 826 705 788 593 302 
318 575 187 254 689 299 366 346 397 480 369 224 47 527 62 244 687 81 689 778 629 653 418 408 143 357 316 189 624 529 220 563 566 522 771 170 519 399 636 401 299 596 138 201 570 314 468 135 463 702 302 731 745 263 213 161 719 657 44 362 242 348 92 454 694 716 271 638 710 660 415 580 320 106 534 770 770 116 549 756 508 552 651 536 347 371 -1 409 420 811 363 216 284 470 159 802 334 528 591 330 
93 167 297 162 365 382 73 377 490 296 257 200 378 420 384 296 277 435 503 521 293 251 44 189 352 259 112 362 247 142 316 156 403 242 382 248 229 637 451 176 315 325 271 369 266 418 496 357 327 313 461 321 343 357 196 293 315 333 409 344 524 222 321 245 346 423 498 347 461 250 270 299 299 322 368 424 361 316 277 351 436 226 340 126 426 553 409 -1 591 428 81 479 303 290 330 403 511 277 238 260 
516 699 329 461 953 209 518 740 115 404 712 527 455 333 477 620 805 499 487 621 617 822 627 708 311 345 572 270 669 623 291 728 917 808 960 493 515 97 457 445 679 894 452 608 844 173 874 541 356 895 137 861 905 662 472 531 800 921 376 261 192 377 455 770 937 620 692 925 566 794 370 530 690 483 396 1015 895 373 842 831 889 564 600 687 754 792 420 591 -1 819 604 636 287 802 552 970 91 479 829 682 
504 275 650 559 529 651 449 789 703 415 658 626 789 501 800 723 220 852 426 322 203 314 446 574 711 506 540 698 187 288 643 329 723 545 377 668 315 900 412 423 734 585 682 797 525 678 887 783 462 367 734 240 303 783 607 719 149 518 799 570 844 492 733 603 479 238 926 570 320 253 460 288 714 740 428 514 233 701 565 131 799 270 221 324 841 975 811 428 819 -1 505 908 593 645 757 340 773 340 448 674 
89 235 287 145 353 397 118 295 513 358 178 140 325 476 328 217 337 375 574 599 374 292 61 121 333 297 46 354 327 223 316 207 343 204 409 193 305 639 520 233 233 290 226 294 240 432 416 291 382 340 469 374 383 278 158 228 383 320 370 376 512 260 270 182 345 503 420 320 538 306 321 377 217 266 431 424 414 286 238 420 363 307 421 189 344 472 363 81 604 505 -1 406 319 225 261 439 519 350 237 179 
409 641 375 370 646 507 467 212 611 647 309 284 189 717 167 193 741 136 868 939 752 682 467 383 349 530 367 397 724 620 417 608 456 485 772 251 655 608 814 543 212 536 259 112 534 526 291 134 641 708 518 772 768 152 318 193 789 618 261 557 452 510 219 403 666 862 57 582 872 708 585 724 240 196 711 732 811 301 500 825 368 676 787 594 182 156 216 479 636 908 406 -1 474 396 153 813 550 679 582 273 
230 423 99 183 665 78 230 507 194 205 449 269 290 244 311 385 535 357 405 500 393 540 339 430 143 88 291 111 419 352 63 445 647 524 677 254 278 338 353 176 439 610 225 404 558 114 646 346 181 611 160 589 627 441 209 309 542 633 250 82 251 104 255 493 649 451 521 639 433 519 143 324 443 281 251 728 625 174 558 576 637 323 398 405 535 612 284 303 287 593 319 474 -1 530 343 691 209 268 541 425 
310 377 473 346 250 602 343 194 723 583 101 277 423 702 414 231 434 442 794 805 565 349 248 104 502 520 240 536 497 405 511 316 118 108 399 320 518 821 741 458 187 140 364 303 150 637 247 346 608 345 665 443 416 245 330 309 500 225 496 595 677 483 386 45 277 702 379 185 748 398 546 587 160 365 656 337 477 443 109 529 155 509 618 330 244 381 470 290 802 645 225 396 530 -1 316 446 713 568 218 140 
256 495 249 217 548 390 314 191 505 500 216 131 112 580 98 86 599 127 724 789 599 548 323 269 243 387 219 289 572 469 293 468 408 381 652 100 502 546 669 391 140 449 118 61 430 415 321 31 498 585 421 635 638 110 166 40 644 518 193 425 391 364 98 306 560 709 185 492 721 568 440 572 162 69 566 632 675 183 404 680 351 523 634 450 202 270 159 330 552 757 261 153 343 316 -1 688 462 528 464 176 
496 271 700 565 234 767 468 635 859 594 509 578 764 715 765 621 176 810 707 638 423 152 385 429 755 624 485 764 338 348 715 248 477 339 52 632 478 1029 674 524 605 331 664 704 297 801 688 719 641 104 851 121 64 664 593 660 220 240 807 709 926 592 709 422 186 535 810 297 613 177 606 504 578 703 642 187 109 718 339 216 578 433 475 285 687 826 802 403 970 340 439 813 691 446 688 -1 899 530 233 541 
433 630 239 374 870 132 439 649 95 358 622 437 367 315 388 529 740 414 482 609 569 749 545 620 220 279 485 178 612 556 204 654 827 722 887 402 461 130 444 378 587 807 361 518 759 98 784 451 314 820 49 795 835 571 382 440 740 838 289 203 127 307 364 681 856 591 606 839 548 725 314 487 599 393 367 935 830 282 755 773 798 510 560 614 664 705 334 511 91 773 519 550 209 713 462 899 -1 433 747 591 
290 273 346 310 596 315 236 634 364 75 528 406 519 185 536 530 355 588 225 261 137 403 320 467 403 180 358 379 198 199 326 329 680 510 536 428 56 559 174 136 566 587 422 583 523 339 763 544 123 483 395 411 467 594 361 487 331 569 504 232 512 180 469 523 562 187 713 599 194 355 126 56 556 487 112 631 438 411 543 358 713 97 131 289 677 788 528 277 479 340 350 679 268 568 528 530 433 -1 471 522 
316 213 523 381 128 620 311 402 729 512 276 367 550 640 548 392 229 590 688 664 419 137 202 198 571 496 281 589 335 274 548 147 275 109 190 422 415 872 642 406 372 137 459 474 77 656 465 496 550 129 698 228 198 431 395 440 299 99 604 582 749 459 499 189 109 556 577 132 618 195 499 469 345 488 577 188 260 524 119 323 362 387 477 182 454 593 591 238 829 448 237 582 541 218 464 233 747 471 -1 308 
235 399 354 247 377 491 286 117 612 519 39 156 283 626 273 91 484 302 742 776 553 416 231 111 374 434 164 412 502 400 395 353 240 213 499 189 481 693 687 395 64 273 233 169 262 523 240 207 534 436 544 509 498 123 216 170 541 348 358 498 544 400 248 132 394 682 270 317 714 449 472 553 40 226 592 462 547 313 231 575 212 485 600 349 168 302 330 260 682 674 179 273 425 140 176 541 591 522 308 -1 
