20
-1 288 379 274 283 331 612 292 571 279 633 358 507 112 219 507 575 412 575 595 
288 -1 124 448 303 290 829 554 859 481 912 642 556 334 500 723 807 545 863 883 
379 124 -1 569 427 410 848 610 942 600 1012 736 677 394 573 842 835 539 949 964 
274 448 569 -1 198 262 798 461 563 49 534 334 272 376 363 275 747 669 547 595 
283 303 427 198 -1 66 890 557 741 246 730 507 258 394 466 462 848 689 730 771 
331 290 410 262 66 -1 942 613 807 311 796 573 268 438 525 519 903 727 797 837 
612 829 848 798 890 942 -1 338 495 768 689 543 1070 513 436 867 64 326 534 484 
292 554 610 461 557 613 338 -1 369 434 510 265 732 220 98 569 291 288 391 382 
571 859 942 563 741 807 495 369 -1 515 196 234 804 553 370 473 432 637 40 32 
279 481 600 49 246 311 768 434 515 -1 485 288 307 372 336 242 715 657 499 547 
633 912 1012 534 730 796 689 510 196 485 -1 278 728 649 477 353 625 795 155 215 
358 642 736 334 507 573 543 265 234 288 278 -1 589 371 206 323 482 552 226 264 
507 556 677 272 258 268 1070 732 804 307 728 589 -1 619 634 385 1019 918 781 836 
112 334 394 376 394 438 513 220 553 372 649 371 619 -1 182 582 482 299 565 573 
219 500 573 363 466 525 436 98 370 336 477 206 634 182 -1 483 387 355 383 391 
507 723 842 275 462 519 867 569 473 242 353 323 385 582 483 -1 806 837 441 505 
575 807 835 747 848 903 64 291 432 715 625 482 1019 482 387 806 -1 333 471 422 
412 545 539 669 689 727 326 288 637 657 795 552 918 299 355 837 333 -1 665 643 
575 863 949 547 730 797 534 391 40 499 155 226 781 565 383 441 471 665 -1 66 
595 883 964 595 771 837 484 382 32 547 215 264 836 573 391 505 422 643 66 -1 
