20
-1 263 238 492 544 580 407 87 482 359 582 780 226 550 307 601 224 304 364 141 
263 -1 215 446 308 330 506 351 399 387 360 535 465 481 545 360 377 494 323 247 
238 215 -1 266 363 524 291 297 595 534 571 594 336 675 539 560 197 317 499 111 
492 446 266 -1 399 680 255 531 844 800 756 566 501 926 773 723 340 412 757 351 
544 308 363 399 -1 324 597 626 628 674 424 236 696 705 845 368 558 675 592 463 
580 330 524 680 324 -1 813 666 390 513 109 421 794 450 817 44 705 824 415 577 
407 506 291 255 597 813 -1 402 862 764 863 799 306 938 617 850 185 186 754 290 
87 351 297 531 626 666 402 -1 541 396 665 862 159 602 244 687 219 264 420 188 
482 399 595 844 628 390 862 541 -1 185 300 794 700 81 572 370 694 786 120 572 
359 387 534 800 674 513 764 396 185 -1 447 876 555 219 388 506 583 657 98 479 
582 360 571 756 424 109 863 665 300 447 -1 529 805 352 786 74 736 851 349 605 
780 535 594 566 236 421 799 862 794 876 529 -1 930 863 1078 457 785 899 785 697 
226 465 336 501 696 794 306 159 700 555 805 930 -1 762 315 819 162 128 580 235 
550 481 675 926 705 450 938 602 81 219 352 863 762 -1 606 425 766 854 185 647 
307 545 539 773 845 817 617 244 572 388 786 1078 315 606 -1 827 446 444 462 431 
601 360 560 723 368 44 850 687 370 506 74 457 819 425 827 -1 736 854 408 607 
224 377 197 340 558 705 185 219 694 583 736 785 162 766 446 736 -1 121 580 131 
304 494 317 412 675 824 186 264 786 657 851 899 128 854 444 854 121 -1 669 247 
364 323 499 757 592 415 754 420 120 98 349 785 580 185 462 408 580 669 -1 463 
141 247 111 351 463 577 290 188 572 479 605 697 235 647 431 607 131 247 463 -1 
