20
-1 302 379 248 648 616 416 485 579 602 270 269 101 345 198 693 207 381 63 482 
302 -1 89 288 575 511 367 348 540 300 458 496 403 238 499 397 444 219 343 599 
379 89 -1 376 528 458 344 295 505 231 496 542 480 309 577 348 532 278 425 607 
248 288 376 -1 815 765 585 608 761 537 516 517 300 139 361 579 223 197 227 719 
648 575 528 815 -1 80 233 232 86 642 490 553 709 809 786 785 855 793 711 369 
616 511 458 765 80 -1 201 164 125 563 490 555 686 748 769 705 823 729 680 404 
416 367 344 585 233 201 -1 126 177 521 306 371 484 591 568 662 624 584 480 297 
485 348 295 608 232 164 126 -1 221 427 424 488 567 585 657 570 688 565 548 418 
579 540 505 761 86 125 177 221 -1 648 405 468 634 768 707 792 785 758 641 285 
602 300 231 537 642 563 521 427 648 -1 723 771 703 423 799 143 731 368 642 810 
270 458 496 516 490 490 306 424 405 723 -1 65 272 593 319 845 440 616 313 220 
269 496 542 517 553 555 371 488 468 771 65 -1 246 607 275 888 413 636 301 258 
101 403 480 300 709 686 484 567 634 703 272 246 -1 418 98 791 168 462 75 492 
345 238 309 139 809 748 591 585 768 423 593 607 418 -1 491 448 362 60 343 777 
198 499 577 361 786 769 568 657 707 799 319 275 98 491 -1 883 169 539 158 533 
693 397 348 579 785 705 662 570 792 143 845 888 791 448 883 -1 792 388 724 946 
207 444 532 223 855 823 624 688 785 731 440 413 168 362 169 792 -1 418 144 660 
381 219 278 197 793 729 584 565 758 368 616 636 462 60 539 388 418 -1 387 789 
63 343 425 227 711 680 480 548 641 642 313 301 75 343 158 724 144 387 -1 531 
482 599 607 719 369 404 297 418 285 810 220 258 492 777 533 946 660 789 531 -1 
