30
-1 774 322 456 562 322 642 757 182 513 636 365 434 302 416 476 115 398 172 521 284 383 465 623 371 152 470 212 321 373 
774 -1 775 340 729 696 488 34 621 332 269 727 496 890 449 303 805 383 911 575 744 452 795 152 775 912 408 570 457 518 
322 775 -1 441 261 610 840 772 245 446 547 660 640 625 592 545 221 420 471 758 588 325 768 632 677 435 633 300 437 584 
456 340 441 -1 457 490 499 333 287 83 192 536 364 643 296 142 470 65 612 490 516 115 634 191 578 604 301 244 185 342 
562 729 261 457 -1 802 942 738 425 414 463 853 769 859 708 596 476 474 723 898 794 362 964 615 880 691 733 456 550 725 
322 696 610 490 802 -1 375 668 379 572 677 51 211 207 247 412 435 427 323 229 62 493 161 571 88 353 293 346 306 177 
642 488 840 499 942 375 -1 453 598 570 619 372 208 575 247 358 735 469 693 151 437 580 383 438 413 717 211 540 405 269 
757 34 772 333 738 668 453 -1 609 334 282 698 466 864 421 283 793 371 890 542 717 447 764 141 745 893 378 556 438 490 
182 621 245 287 425 379 598 609 -1 336 458 430 395 445 351 342 184 238 352 512 369 203 540 469 455 334 395 60 205 339 
513 332 446 83 414 572 570 334 336 -1 122 619 445 719 378 213 512 144 676 570 596 136 718 202 660 665 378 303 266 425 
636 269 547 192 463 677 619 282 458 122 -1 722 528 835 463 284 632 257 798 645 707 256 815 191 765 787 451 425 376 519 
365 727 660 536 853 51 372 698 430 619 722 -1 233 202 279 451 480 474 346 222 84 543 110 607 47 380 320 398 353 211 
434 496 640 364 769 211 208 466 395 445 528 233 -1 417 67 245 526 314 501 129 268 414 300 387 281 520 88 340 219 60 
302 890 625 643 859 207 575 864 445 719 835 202 417 -1 446 594 410 578 193 424 149 614 241 756 167 235 496 440 461 377 
416 449 592 296 708 247 247 421 351 378 463 279 67 446 -1 180 497 248 504 194 297 350 358 330 326 518 55 292 160 69 
476 303 545 142 596 412 358 283 342 213 284 451 245 594 180 -1 522 127 607 363 452 238 537 161 497 609 168 284 155 241 
115 805 221 470 476 435 735 793 184 512 632 480 526 410 497 522 -1 422 249 624 399 376 581 653 487 214 549 238 375 466 
398 383 420 65 474 427 469 371 238 144 257 474 314 578 248 127 422 -1 550 443 452 112 574 230 515 544 262 188 121 286 
172 911 471 612 723 323 693 890 352 676 798 346 501 193 504 607 249 550 -1 551 264 550 419 763 330 43 560 373 454 446 
521 575 758 490 898 229 151 542 512 570 645 222 129 424 194 363 624 443 551 -1 291 544 238 488 262 579 194 460 347 175 
284 744 588 516 794 62 437 717 369 596 707 84 268 149 297 452 399 452 264 291 -1 506 181 613 88 296 346 345 331 228 
383 452 325 115 362 493 580 447 203 136 256 543 414 614 350 238 376 112 550 544 506 -1 650 306 580 536 371 179 200 378 
465 795 768 634 964 161 383 764 540 718 815 110 300 241 358 537 581 574 419 238 181 650 -1 687 94 457 389 508 455 296 
623 152 632 191 615 571 438 141 469 202 191 607 387 756 330 161 653 230 763 488 613 306 687 -1 654 763 300 418 309 396 
371 775 677 578 880 88 413 745 455 660 765 47 281 167 326 497 487 515 330 262 88 580 94 654 -1 366 367 428 394 258 
152 912 435 604 691 353 717 893 334 665 787 380 520 235 518 609 214 544 43 579 296 536 457 763 366 -1 574 362 455 463 
470 408 633 301 733 293 211 378 395 378 451 320 88 496 55 168 549 262 560 194 346 371 389 300 367 574 -1 336 195 119 
212 570 300 244 456 346 540 556 60 303 425 398 340 440 292 284 238 188 373 460 345 179 508 418 428 362 336 -1 144 285 
321 457 437 185 550 306 405 438 205 266 376 353 219 461 160 155 375 121 454 347 331 200 455 309 394 455 195 144 -1 177 
373 518 584 342 725 177 269 490 339 425 519 211 60 377 69 241 466 286 446 175 228 378 296 396 258 463 119 285 177 -1 
