50
-1 273 388 251 937 147 679 538 879 566 395 738 161 634 577 735 387 609 358 578 807 190 86 820 720 359 51 452 185 599 78 513 282 565 575 448 542 556 482 498 538 478 557 654 797 368 337 291 142 362 
273 -1 540 93 775 417 515 610 710 385 227 765 126 687 337 812 333 385 447 534 626 414 282 848 554 379 282 592 349 575 351 638 455 546 697 478 687 648 594 231 559 355 486 550 698 478 564 87 398 285 
388 540 -1 456 827 330 625 200 788 574 473 410 425 295 677 364 332 671 126 385 750 213 472 482 658 232 436 65 208 368 372 129 105 341 189 220 155 191 112 757 269 447 412 518 616 88 174 606 286 359 
251 93 456 -1 721 382 458 517 658 333 162 673 91 593 325 719 242 360 357 446 579 353 289 756 499 286 277 505 278 485 327 549 378 455 607 384 600 556 504 301 466 279 401 474 622 389 499 178 353 196 
937 775 827 721 -1 1016 262 674 67 390 558 585 802 638 482 728 561 417 716 442 157 920 999 610 222 633 978 813 833 470 994 793 849 490 802 607 852 723 757 771 571 459 419 310 237 747 987 851 968 576 
147 417 330 382 1016 -1 768 515 962 667 504 726 297 614 701 694 454 725 352 617 898 121 193 804 808 394 165 395 187 624 75 459 231 591 517 462 471 519 440 644 545 562 611 716 848 346 222 438 50 443 
679 515 625 458 262 768 -1 517 200 130 296 513 540 517 256 637 319 193 503 277 131 681 738 570 41 406 718 627 592 327 740 624 626 329 652 411 688 571 581 538 408 205 224 151 238 539 769 593 722 324 
538 610 200 517 674 515 517 -1 646 506 467 211 521 98 642 204 306 616 181 242 626 394 625 288 541 231 590 155 354 204 543 119 284 190 135 140 178 54 93 795 108 388 293 381 446 172 374 690 467 352 
879 710 788 658 67 962 200 646 -1 325 495 578 741 619 415 719 509 350 673 408 90 869 938 612 159 586 918 779 782 442 937 763 804 458 778 568 825 697 725 703 540 401 376 270 230 706 944 785 915 520 
566 385 574 333 390 667 130 506 325 -1 172 555 419 531 156 661 244 112 447 294 245 592 619 624 169 342 601 589 501 349 631 599 554 338 637 378 663 560 552 418 405 126 229 217 346 486 698 462 624 231 
395 227 473 162 558 504 296 467 495 172 -1 580 246 522 209 654 160 222 351 327 417 443 446 659 336 250 429 505 354 375 463 533 427 351 582 326 592 516 484 338 388 130 270 323 471 390 567 312 465 117 
738 765 410 673 585 726 513 211 578 555 580 -1 697 114 709 143 434 666 381 263 588 605 824 83 522 396 790 357 559 209 750 303 496 228 276 296 339 223 298 918 208 466 327 362 349 380 580 851 677 483 
161 126 425 91 802 297 540 521 741 419 246 697 -1 607 416 725 287 451 347 492 664 287 199 781 581 300 185 481 226 525 238 533 334 493 594 401 577 553 492 357 489 350 456 540 688 373 438 180 274 248 
634 687 295 593 638 614 517 98 619 531 522 114 607 -1 677 132 366 644 275 242 613 493 720 189 535 308 685 243 451 190 641 191 383 193 175 208 235 110 183 858 134 424 303 370 402 270 465 770 566 414 
577 337 677 325 482 701 256 642 415 156 209 709 416 677 -1 809 349 65 552 446 325 650 609 779 283 448 601 703 562 501 651 723 636 487 767 506 785 694 675 288 546 254 381 372 492 591 776 394 666 317 
735 812 364 719 728 694 637 204 719 661 654 143 725 132 809 -1 497 773 382 368 723 576 822 159 651 433 786 301 550 314 732 237 465 322 187 335 247 178 255 989 266 556 431 487 491 366 516 893 649 545 
387 333 332 242 561 454 319 306 509 244 160 434 287 366 349 497 -1 339 205 205 450 361 461 516 358 100 434 354 273 242 435 376 311 212 423 166 437 355 327 492 233 119 171 267 409 244 455 420 406 49 
609 385 671 360 417 725 193 616 350 112 222 666 451 644 65 773 339 -1 544 406 260 664 649 733 219 439 637 691 575 461 680 706 640 451 746 485 769 670 658 354 516 230 342 319 431 584 782 449 687 315 
358 447 126 357 716 352 503 181 673 447 351 381 347 275 552 382 205 544 -1 282 630 233 445 462 537 105 409 154 177 278 369 192 137 247 250 115 245 207 146 652 193 320 297 406 518 39 271 522 302 235 
578 534 385 446 442 617 277 242 408 294 327 263 492 242 446 368 205 406 282 -1 384 506 657 337 299 223 628 371 430 54 615 356 420 52 377 168 418 295 317 661 134 205 64 139 235 309 551 621 566 249 
807 626 750 579 157 898 131 626 90 245 417 588 664 613 325 723 450 260 630 384 -1 812 863 633 93 535 845 747 723 426 869 739 755 436 760 532 802 679 697 613 518 336 340 245 258 664 898 699 853 455 
190 414 213 353 920 121 681 394 869 592 443 605 287 493 650 576 361 664 233 506 812 -1 268 682 720 288 232 279 90 509 159 343 111 477 402 346 361 399 320 645 426 477 506 614 740 225 153 457 73 361 
86 282 472 289 999 193 738 625 938 619 446 824 199 720 609 822 461 649 445 657 863 268 -1 907 779 441 36 537 271 680 119 599 366 647 660 533 625 643 568 487 623 542 632 725 870 455 406 273 207 431 
820 848 482 756 610 804 570 288 612 624 659 83 781 189 779 159 516 733 462 337 633 682 907 -1 575 480 872 425 639 285 830 366 572 308 329 380 393 291 369 997 292 542 401 421 381 459 648 934 755 565 
720 554 658 499 222 808 41 541 159 169 336 522 581 535 283 651 358 219 537 299 93 720 779 575 -1 442 759 657 631 345 780 651 662 352 676 441 715 594 609 569 432 245 251 164 224 572 805 631 762 364 
359 379 232 286 633 394 406 231 586 342 250 396 300 308 448 433 100 439 105 223 535 288 441 480 442 -1 409 255 207 239 391 282 219 206 334 100 342 274 234 566 188 216 218 326 454 144 362 461 344 133 
51 282 436 277 978 165 718 590 918 601 429 790 185 685 601 786 434 637 409 628 845 232 36 872 759 409 -1 501 236 649 90 563 330 615 624 500 589 607 532 496 589 520 605 700 843 419 373 284 174 406 
452 592 65 505 813 395 627 155 779 589 505 357 481 243 703 301 354 691 154 371 747 279 537 425 657 255 501 -1 271 344 437 64 171 322 123 216 95 134 61 803 243 462 406 508 593 117 223 661 352 388 
185 349 208 278 833 187 592 354 782 501 354 559 226 451 562 550 273 575 177 430 723 90 271 639 631 207 236 271 -1 439 192 330 109 406 392 279 364 371 297 577 366 387 424 531 661 183 221 405 137 270 
599 575 368 485 470 624 327 204 442 349 375 209 525 190 501 314 242 461 278 54 426 509 680 285 345 239 649 344 439 -1 629 322 415 33 336 163 382 255 287 712 101 257 119 182 248 299 539 662 574 289 
78 351 372 327 994 75 740 543 937 631 463 750 238 641 651 732 435 680 369 615 869 159 119 830 780 391 90 437 192 629 -1 501 267 595 561 471 521 553 476 575 558 536 601 702 841 371 288 366 91 417 
513 638 129 549 793 459 624 119 763 599 533 303 533 191 723 237 376 706 192 356 739 343 599 366 651 282 563 64 330 322 501 -1 234 305 61 221 64 81 48 843 223 475 400 496 566 160 282 711 416 415 
282 455 105 378 849 231 626 284 804 554 427 496 334 383 636 465 311 640 137 420 755 111 366 572 662 219 330 171 109 415 267 234 -1 384 294 253 259 288 209 680 326 430 431 540 655 119 144 514 184 325 
565 546 341 455 490 591 329 190 458 338 351 228 493 193 487 322 212 451 247 52 436 477 647 308 352 206 615 322 406 33 595 305 384 -1 324 131 366 242 266 689 82 239 110 191 274 269 510 633 541 260 
575 697 189 607 802 517 652 135 778 637 582 276 594 175 767 187 423 746 250 377 760 402 660 329 676 334 624 123 392 336 561 61 294 324 -1 261 63 81 103 899 243 516 427 516 570 220 329 771 475 465 
448 478 220 384 607 462 411 140 568 378 326 296 401 208 506 335 166 485 115 168 532 346 533 380 441 100 500 216 279 163 471 221 253 131 261 -1 284 190 174 655 90 254 192 298 403 140 382 561 412 212 
542 687 155 600 852 471 688 178 825 663 592 339 577 235 785 247 437 769 245 418 802 361 625 393 715 342 589 95 364 382 521 64 259 366 63 284 -1 131 111 897 284 538 464 558 623 210 273 757 432 474 
556 648 191 556 723 519 571 54 697 560 516 223 553 110 694 178 355 670 207 295 679 399 643 291 594 274 607 134 371 255 553 81 288 242 81 190 131 -1 79 840 162 441 347 434 492 188 357 726 473 399 
482 594 112 504 757 440 581 93 725 552 484 298 492 183 675 255 327 658 146 317 697 320 568 369 609 234 532 61 297 287 476 48 209 266 103 174 111 79 -1 796 185 427 357 456 534 119 282 668 394 366 
498 231 757 301 771 644 538 795 703 418 338 918 357 858 288 989 492 354 652 661 613 645 487 997 569 566 496 803 577 712 575 843 680 689 899 655 897 840 796 -1 724 457 602 629 764 686 795 214 628 444 
538 559 269 466 571 545 408 108 540 405 388 208 489 134 546 266 233 516 193 134 518 426 623 292 432 188 589 243 366 101 558 223 326 82 243 90 284 162 185 724 -1 292 185 274 349 206 441 644 495 281 
478 355 447 279 459 562 205 388 401 126 130 466 350 424 254 556 119 230 320 205 336 477 542 542 245 216 520 462 387 257 536 475 430 239 516 254 538 441 427 457 292 -1 144 195 343 359 575 440 517 119 
557 486 412 401 419 611 224 293 376 229 270 327 456 303 381 431 171 342 297 64 340 506 632 401 251 218 605 406 424 119 601 400 431 110 427 192 464 347 357 602 185 144 -1 109 239 329 568 573 561 209 
654 550 518 474 310 716 151 381 270 217 323 362 540 370 372 487 267 319 406 139 245 614 725 421 164 326 700 508 531 182 702 496 540 191 516 298 558 434 456 629 274 195 109 -1 148 437 677 635 667 294 
797 698 616 622 237 848 238 446 230 346 471 349 688 402 492 491 409 431 518 235 258 740 870 381 224 454 843 593 661 248 841 566 655 274 570 403 623 492 534 764 349 343 239 148 -1 543 785 783 799 441 
368 478 88 389 747 346 539 172 706 486 390 380 373 270 591 366 244 584 39 309 664 225 455 459 572 144 419 117 183 299 371 160 119 269 220 140 210 188 119 686 206 359 329 437 543 -1 241 550 297 274 
337 564 174 499 987 222 769 374 944 698 567 580 438 465 776 516 455 782 271 551 898 153 406 648 805 362 373 223 221 539 288 282 144 510 329 382 273 357 282 795 441 575 568 677 785 241 -1 610 198 468 
291 87 606 178 851 438 593 690 785 462 312 851 180 770 394 893 420 449 522 621 699 457 273 934 631 461 284 661 405 662 366 711 514 633 771 561 757 726 668 214 644 440 573 635 783 550 610 -1 429 372 
142 398 286 353 968 50 722 467 915 624 465 677 274 566 666 649 406 687 302 566 853 73 207 755 762 344 174 352 137 574 91 416 184 541 475 412 432 473 394 628 495 517 561 667 799 297 198 429 -1 398 
362 285 359 196 576 443 324 352 520 231 117 483 248 414 317 545 49 315 235 249 455 361 431 565 364 133 406 388 270 289 417 415 325 260 465 212 474 399 366 444 281 119 209 294 441 274 468 372 398 -1 
